 wl	Tn	Tp	Rn	Rp	R1	Apds 	DELTA	PSI  
   2700.0	   0.0026	   0.0000	   0.1629	   0.0000	   0.0488	   0.0000	     0.00	     0.00	     0.00	     0.00	     0.00	     0.00	     0.00	     0.00
   2712.1	   0.0034	   0.0000	   0.1640	   0.0000	   0.0488	   0.0000	     0.00	     0.00	     0.00	     0.00	     0.00	     0.00	     0.00	     0.00
   2724.3	   0.0041	   0.0000	   0.1656	   0.0000	   0.0488	   0.0000	     0.00	     0.00	     0.00	     0.00	     0.00	     0.00	     0.00	     0.00
   2736.6	   0.0048	   0.0000	   0.1676	   0.0000	   0.0488	   0.0000	     0.00	     0.00	     0.00	     0.00	     0.00	     0.00	     0.00	     0.00
   2749.0	   0.0060	   0.0000	   0.1689	   0.0000	   0.0489	   0.0000	     0.00	     0.00	     0.00	     0.00	     0.00	     0.00	     0.00	     0.00
   2761.6	   0.0074	   0.0000	   0.1703	   0.0000	   0.0489	   0.0000	     0.00	     0.00	     0.00	     0.00	     0.00	     0.00	     0.00	     0.00
   2774.2	   0.0088	   0.0000	   0.1719	   0.0000	   0.0491	   0.0000	     0.00	     0.00	     0.00	     0.00	     0.00	     0.00	     0.00	     0.00
   2787.0	   0.0107	   0.0000	   0.1734	   0.0000	   0.0492	   0.0000	     0.00	     0.00	     0.00	     0.00	     0.00	     0.00	     0.00	     0.00
   2799.9	   0.0130	   0.0000	   0.1749	   0.0000	   0.0494	   0.0000	     0.00	     0.00	     0.00	     0.00	     0.00	     0.00	     0.00	     0.00
   2812.9	   0.0154	   0.0000	   0.1765	   0.0000	   0.0498	   0.0000	     0.00	     0.00	     0.00	     0.00	     0.00	     0.00	     0.00	     0.00
   2826.0	   0.0183	   0.0000	   0.1780	   0.0000	   0.0502	   0.0000	     0.00	     0.00	     0.00	     0.00	     0.00	     0.00	     0.00	     0.00
   2839.3	   0.0217	   0.0000	   0.1796	   0.0000	   0.0507	   0.0000	     0.00	     0.00	     0.00	     0.00	     0.00	     0.00	     0.00	     0.00
   2852.7	   0.0254	   0.0000	   0.1813	   0.0000	   0.0514	   0.0000	     0.00	     0.00	     0.00	     0.00	     0.00	     0.00	     0.00	     0.00
   2866.2	   0.0298	   0.0000	   0.1830	   0.0000	   0.0523	   0.0000	     0.00	     0.00	     0.00	     0.00	     0.00	     0.00	     0.00	     0.00
   2879.8	   0.0348	   0.0000	   0.1848	   0.0000	   0.0535	   0.0000	     0.00	     0.00	     0.00	     0.00	     0.00	     0.00	     0.00	     0.00
   2893.6	   0.0404	   0.0000	   0.1866	   0.0000	   0.0549	   0.0000	     0.00	     0.00	     0.00	     0.00	     0.00	     0.00	     0.00	     0.00
   2907.5	   0.0466	   0.0000	   0.1885	   0.0000	   0.0565	   0.0000	     0.00	     0.00	     0.00	     0.00	     0.00	     0.00	     0.00	     0.00
   2921.5	   0.0533	   0.0000	   0.1904	   0.0000	   0.0585	   0.0000	     0.00	     0.00	     0.00	     0.00	     0.00	     0.00	     0.00	     0.00
   2935.7	   0.0603	   0.0000	   0.1925	   0.0000	   0.0608	   0.0000	     0.00	     0.00	     0.00	     0.00	     0.00	     0.00	     0.00	     0.00
   2950.0	   0.0684	   0.0000	   0.1946	   0.0000	   0.0635	   0.0000	     0.00	     0.00	     0.00	     0.00	     0.00	     0.00	     0.00	     0.00
   2964.4	   0.0773	   0.0000	   0.1969	   0.0000	   0.0666	   0.0000	     0.00	     0.00	     0.00	     0.00	     0.00	     0.00	     0.00	     0.00
   2979.0	   0.0869	   0.0000	   0.1993	   0.0000	   0.0701	   0.0000	     0.00	     0.00	     0.00	     0.00	     0.00	     0.00	     0.00	     0.00
   2993.7	   0.0963	   0.0000	   0.2017	   0.0000	   0.0739	   0.0000	     0.00	     0.00	     0.00	     0.00	     0.00	     0.00	     0.00	     0.00
   3008.6	   0.1072	   0.0000	   0.2043	   0.0000	   0.0782	   0.0000	     0.00	     0.00	     0.00	     0.00	     0.00	     0.00	     0.00	     0.00
   3023.7	   0.1183	   0.0000	   0.2071	   0.0000	   0.0830	   0.0000	     0.00	     0.00	     0.00	     0.00	     0.00	     0.00	     0.00	     0.00
   3038.8	   0.1291	   0.0000	   0.2097	   0.0000	   0.0879	   0.0000	     0.00	     0.00	     0.00	     0.00	     0.00	     0.00	     0.00	     0.00
   3054.2	   0.1412	   0.0000	   0.2127	   0.0000	   0.0933	   0.0000	     0.00	     0.00	     0.00	     0.00	     0.00	     0.00	     0.00	     0.00
   3069.6	   0.1537	   0.0000	   0.2157	   0.0000	   0.0991	   0.0000	     0.00	     0.00	     0.00	     0.00	     0.00	     0.00	     0.00	     0.00
   3085.3	   0.1665	   0.0000	   0.2188	   0.0000	   0.1051	   0.0000	     0.00	     0.00	     0.00	     0.00	     0.00	     0.00	     0.00	     0.00
   3101.1	   0.1795	   0.0000	   0.2221	   0.0000	   0.1111	   0.0000	     0.00	     0.00	     0.00	     0.00	     0.00	     0.00	     0.00	     0.00
   3117.1	   0.1932	   0.0000	   0.2255	   0.0000	   0.1176	   0.0000	     0.00	     0.00	     0.00	     0.00	     0.00	     0.00	     0.00	     0.00
   3133.2	   0.2070	   0.0000	   0.2287	   0.0000	   0.1244	   0.0000	     0.00	     0.00	     0.00	     0.00	     0.00	     0.00	     0.00	     0.00
   3149.5	   0.2204	   0.0000	   0.2320	   0.0000	   0.1307	   0.0000	     0.00	     0.00	     0.00	     0.00	     0.00	     0.00	     0.00	     0.00
   3166.0	   0.2339	   0.0000	   0.2352	   0.0000	   0.1372	   0.0000	     0.00	     0.00	     0.00	     0.00	     0.00	     0.00	     0.00	     0.00
   3182.6	   0.2480	   0.0000	   0.2384	   0.0000	   0.1439	   0.0000	     0.00	     0.00	     0.00	     0.00	     0.00	     0.00	     0.00	     0.00
   3199.4	   0.2629	   0.0000	   0.2416	   0.0000	   0.1508	   0.0000	     0.00	     0.00	     0.00	     0.00	     0.00	     0.00	     0.00	     0.00
   3216.4	   0.2767	   0.0000	   0.2445	   0.0000	   0.1569	   0.0000	     0.00	     0.00	     0.00	     0.00	     0.00	     0.00	     0.00	     0.00
   3233.6	   0.2917	   0.0000	   0.2474	   0.0000	   0.1632	   0.0000	     0.00	     0.00	     0.00	     0.00	     0.00	     0.00	     0.00	     0.00
   3251.0	   0.3065	   0.0000	   0.2501	   0.0000	   0.1691	   0.0000	     0.00	     0.00	     0.00	     0.00	     0.00	     0.00	     0.00	     0.00
   3268.5	   0.3208	   0.0000	   0.2524	   0.0000	   0.1744	   0.0000	     0.00	     0.00	     0.00	     0.00	     0.00	     0.00	     0.00	     0.00
   3286.3	   0.3347	   0.0000	   0.2541	   0.0000	   0.1793	   0.0000	     0.00	     0.00	     0.00	     0.00	     0.00	     0.00	     0.00	     0.00
   3304.2	   0.3489	   0.0000	   0.2557	   0.0000	   0.1836	   0.0000	     0.00	     0.00	     0.00	     0.00	     0.00	     0.00	     0.00	     0.00
   3322.3	   0.3636	   0.0000	   0.2569	   0.0000	   0.1878	   0.0000	     0.00	     0.00	     0.00	     0.00	     0.00	     0.00	     0.00	     0.00
   3340.7	   0.3788	   0.0000	   0.2579	   0.0000	   0.1914	   0.0000	     0.00	     0.00	     0.00	     0.00	     0.00	     0.00	     0.00	     0.00
   3359.2	   0.3915	   0.0000	   0.2576	   0.0000	   0.1938	   0.0000	     0.00	     0.00	     0.00	     0.00	     0.00	     0.00	     0.00	     0.00
   3378.0	   0.4078	   0.0000	   0.2577	   0.0000	   0.1971	   0.0000	     0.00	     0.00	     0.00	     0.00	     0.00	     0.00	     0.00	     0.00
   3396.9	   0.4233	   0.0000	   0.2572	   0.0000	   0.1992	   0.0000	     0.00	     0.00	     0.00	     0.00	     0.00	     0.00	     0.00	     0.00
   3416.1	   0.4390	   0.0000	   0.2563	   0.0000	   0.2005	   0.0000	     0.00	     0.00	     0.00	     0.00	     0.00	     0.00	     0.00	     0.00
   3435.5	   0.4539	   0.0000	   0.2547	   0.0000	   0.2009	   0.0000	     0.00	     0.00	     0.00	     0.00	     0.00	     0.00	     0.00	     0.00
   3455.1	   0.4688	   0.0000	   0.2524	   0.0000	   0.2009	   0.0000	     0.00	     0.00	     0.00	     0.00	     0.00	     0.00	     0.00	     0.00
   3474.9	   0.4842	   0.0000	   0.2498	   0.0000	   0.2005	   0.0000	     0.00	     0.00	     0.00	     0.00	     0.00	     0.00	     0.00	     0.00
   3495.0	   0.5018	   0.0000	   0.2471	   0.0000	   0.2003	   0.0000	     0.00	     0.00	     0.00	     0.00	     0.00	     0.00	     0.00	     0.00
   3515.3	   0.5172	   0.0000	   0.2433	   0.0000	   0.1987	   0.0000	     0.00	     0.00	     0.00	     0.00	     0.00	     0.00	     0.00	     0.00
   3535.8	   0.5317	   0.0000	   0.2391	   0.0000	   0.1962	   0.0000	     0.00	     0.00	     0.00	     0.00	     0.00	     0.00	     0.00	     0.00
   3556.6	   0.5507	   0.0000	   0.2351	   0.0000	   0.1950	   0.0000	     0.00	     0.00	     0.00	     0.00	     0.00	     0.00	     0.00	     0.00
   3577.6	   0.5662	   0.0000	   0.2302	   0.0000	   0.1919	   0.0000	     0.00	     0.00	     0.00	     0.00	     0.00	     0.00	     0.00	     0.00
   3598.8	   0.5838	   0.0000	   0.2252	   0.0000	   0.1892	   0.0000	     0.00	     0.00	     0.00	     0.00	     0.00	     0.00	     0.00	     0.00
   3620.4	   0.6008	   0.0000	   0.2197	   0.0000	   0.1859	   0.0000	     0.00	     0.00	     0.00	     0.00	     0.00	     0.00	     0.00	     0.00
   3642.2	   0.6178	   0.0000	   0.2139	   0.0000	   0.1821	   0.0000	     0.00	     0.00	     0.00	     0.00	     0.00	     0.00	     0.00	     0.00
   3664.2	   0.6344	   0.0000	   0.2078	   0.0000	   0.1781	   0.0000	     0.00	     0.00	     0.00	     0.00	     0.00	     0.00	     0.00	     0.00
   3686.5	   0.6519	   0.0000	   0.2015	   0.0000	   0.1741	   0.0000	     0.00	     0.00	     0.00	     0.00	     0.00	     0.00	     0.00	     0.00
   3709.1	   0.6684	   0.0000	   0.1950	   0.0000	   0.1695	   0.0000	     0.00	     0.00	     0.00	     0.00	     0.00	     0.00	     0.00	     0.00
   3732.0	   0.6867	   0.0000	   0.1886	   0.0000	   0.1654	   0.0000	     0.00	     0.00	     0.00	     0.00	     0.00	     0.00	     0.00	     0.00
   3755.1	   0.7019	   0.0000	   0.1818	   0.0000	   0.1601	   0.0000	     0.00	     0.00	     0.00	     0.00	     0.00	     0.00	     0.00	     0.00
   3778.5	   0.7169	   0.0000	   0.1749	   0.0000	   0.1549	   0.0000	     0.00	     0.00	     0.00	     0.00	     0.00	     0.00	     0.00	     0.00
   3802.3	   0.7349	   0.0000	   0.1683	   0.0000	   0.1505	   0.0000	     0.00	     0.00	     0.00	     0.00	     0.00	     0.00	     0.00	     0.00
   3826.3	   0.7504	   0.0000	   0.1615	   0.0000	   0.1455	   0.0000	     0.00	     0.00	     0.00	     0.00	     0.00	     0.00	     0.00	     0.00
   3850.7	   0.7660	   0.0000	   0.1549	   0.0000	   0.1406	   0.0000	     0.00	     0.00	     0.00	     0.00	     0.00	     0.00	     0.00	     0.00
   3875.3	   0.7817	   0.0000	   0.1484	   0.0000	   0.1359	   0.0000	     0.00	     0.00	     0.00	     0.00	     0.00	     0.00	     0.00	     0.00
   3900.3	   0.7953	   0.0000	   0.1420	   0.0000	   0.1309	   0.0000	     0.00	     0.00	     0.00	     0.00	     0.00	     0.00	     0.00	     0.00
   3925.6	   0.8089	   0.0000	   0.1359	   0.0000	   0.1262	   0.0000	     0.00	     0.00	     0.00	     0.00	     0.00	     0.00	     0.00	     0.00
   3951.2	   0.8217	   0.0000	   0.1300	   0.0000	   0.1215	   0.0000	     0.00	     0.00	     0.00	     0.00	     0.00	     0.00	     0.00	     0.00
   3977.1	   0.8330	   0.0000	   0.1244	   0.0000	   0.1169	   0.0000	     0.00	     0.00	     0.00	     0.00	     0.00	     0.00	     0.00	     0.00
   4003.4	   0.8442	   0.0000	   0.1191	   0.0000	   0.1127	   0.0000	     0.00	     0.00	     0.00	     0.00	     0.00	     0.00	     0.00	     0.00
   4030.1	   0.8536	   0.0000	   0.1141	   0.0000	   0.1085	   0.0000	     0.00	     0.00	     0.00	     0.00	     0.00	     0.00	     0.00	     0.00
   4057.1	   0.8628	   0.0000	   0.1095	   0.0000	   0.1048	   0.0000	     0.00	     0.00	     0.00	     0.00	     0.00	     0.00	     0.00	     0.00
   4084.5	   0.8712	   0.0000	   0.1053	   0.0000	   0.1014	   0.0000	     0.00	     0.00	     0.00	     0.00	     0.00	     0.00	     0.00	     0.00
   4112.2	   0.8776	   0.0000	   0.1016	   0.0000	   0.0980	   0.0000	     0.00	     0.00	     0.00	     0.00	     0.00	     0.00	     0.00	     0.00
   4140.3	   0.8835	   0.0000	   0.0983	   0.0000	   0.0951	   0.0000	     0.00	     0.00	     0.00	     0.00	     0.00	     0.00	     0.00	     0.00
   4168.9	   0.8887	   0.0000	   0.0954	   0.0000	   0.0925	   0.0000	     0.00	     0.00	     0.00	     0.00	     0.00	     0.00	     0.00	     0.00
   4197.8	   0.8926	   0.0000	   0.0929	   0.0000	   0.0903	   0.0000	     0.00	     0.00	     0.00	     0.00	     0.00	     0.00	     0.00	     0.00
   4227.1	   0.8973	   0.0000	   0.0908	   0.0000	   0.0888	   0.0000	     0.00	     0.00	     0.00	     0.00	     0.00	     0.00	     0.00	     0.00
   4256.8	   0.9004	   0.0000	   0.0892	   0.0000	   0.0874	   0.0000	     0.00	     0.00	     0.00	     0.00	     0.00	     0.00	     0.00	     0.00
   4286.9	   0.9018	   0.0000	   0.0881	   0.0000	   0.0862	   0.0000	     0.00	     0.00	     0.00	     0.00	     0.00	     0.00	     0.00	     0.00
   4317.5	   0.9039	   0.0000	   0.0873	   0.0000	   0.0857	   0.0000	     0.00	     0.00	     0.00	     0.00	     0.00	     0.00	     0.00	     0.00
   4348.5	   0.9047	   0.0000	   0.0870	   0.0000	   0.0854	   0.0000	     0.00	     0.00	     0.00	     0.00	     0.00	     0.00	     0.00	     0.00
   4380.0	   0.9052	   0.0000	   0.0870	   0.0000	   0.0856	   0.0000	     0.00	     0.00	     0.00	     0.00	     0.00	     0.00	     0.00	     0.00
   4411.9	   0.9054	   0.0000	   0.0874	   0.0000	   0.0861	   0.0000	     0.00	     0.00	     0.00	     0.00	     0.00	     0.00	     0.00	     0.00
   4444.3	   0.9047	   0.0000	   0.0882	   0.0000	   0.0869	   0.0000	     0.00	     0.00	     0.00	     0.00	     0.00	     0.00	     0.00	     0.00
   4477.2	   0.9038	   0.0000	   0.0893	   0.0000	   0.0881	   0.0000	     0.00	     0.00	     0.00	     0.00	     0.00	     0.00	     0.00	     0.00
   4510.5	   0.9025	   0.0000	   0.0906	   0.0000	   0.0896	   0.0000	     0.00	     0.00	     0.00	     0.00	     0.00	     0.00	     0.00	     0.00
   4544.4	   0.9010	   0.0000	   0.0924	   0.0000	   0.0914	   0.0000	     0.00	     0.00	     0.00	     0.00	     0.00	     0.00	     0.00	     0.00
   4578.8	   0.8995	   0.0000	   0.0944	   0.0000	   0.0935	   0.0000	     0.00	     0.00	     0.00	     0.00	     0.00	     0.00	     0.00	     0.00
   4613.6	   0.8973	   0.0000	   0.0966	   0.0000	   0.0958	   0.0000	     0.00	     0.00	     0.00	     0.00	     0.00	     0.00	     0.00	     0.00
   4649.1	   0.8947	   0.0000	   0.0991	   0.0000	   0.0983	   0.0000	     0.00	     0.00	     0.00	     0.00	     0.00	     0.00	     0.00	     0.00
   4685.1	   0.8916	   0.0000	   0.1017	   0.0000	   0.1009	   0.0000	     0.00	     0.00	     0.00	     0.00	     0.00	     0.00	     0.00	     0.00
   4721.6	   0.8895	   0.0000	   0.1047	   0.0000	   0.1040	   0.0000	     0.00	     0.00	     0.00	     0.00	     0.00	     0.00	     0.00	     0.00
   4758.7	   0.8864	   0.0000	   0.1077	   0.0000	   0.1071	   0.0000	     0.00	     0.00	     0.00	     0.00	     0.00	     0.00	     0.00	     0.00
   4796.4	   0.8826	   0.0000	   0.1108	   0.0000	   0.1102	   0.0000	     0.00	     0.00	     0.00	     0.00	     0.00	     0.00	     0.00	     0.00
   4834.7	   0.8802	   0.0000	   0.1142	   0.0000	   0.1137	   0.0000	     0.00	     0.00	     0.00	     0.00	     0.00	     0.00	     0.00	     0.00
   4873.6	   0.8776	   0.0000	   0.1177	   0.0000	   0.1173	   0.0000	     0.00	     0.00	     0.00	     0.00	     0.00	     0.00	     0.00	     0.00
   4913.2	   0.8730	   0.0000	   0.1211	   0.0000	   0.1207	   0.0000	     0.00	     0.00	     0.00	     0.00	     0.00	     0.00	     0.00	     0.00
   4953.4	   0.8699	   0.0000	   0.1247	   0.0000	   0.1244	   0.0000	     0.00	     0.00	     0.00	     0.00	     0.00	     0.00	     0.00	     0.00
   4994.3	   0.8665	   0.0000	   0.1283	   0.0000	   0.1282	   0.0000	     0.00	     0.00	     0.00	     0.00	     0.00	     0.00	     0.00	     0.00
   5035.8	   0.8626	   0.0000	   0.1319	   0.0000	   0.1318	   0.0000	     0.00	     0.00	     0.00	     0.00	     0.00	     0.00	     0.00	     0.00
   5078.1	   0.8592	   0.0000	   0.1356	   0.0000	   0.1356	   0.0000	     0.00	     0.00	     0.00	     0.00	     0.00	     0.00	     0.00	     0.00
   5121.0	   0.8553	   0.0000	   0.1393	   0.0000	   0.1393	   0.0000	     0.00	     0.00	     0.00	     0.00	     0.00	     0.00	     0.00	     0.00
   5164.7	   0.8515	   0.0000	   0.1429	   0.0000	   0.1431	   0.0000	     0.00	     0.00	     0.00	     0.00	     0.00	     0.00	     0.00	     0.00
   5209.1	   0.8483	   0.0000	   0.1466	   0.0000	   0.1469	   0.0000	     0.00	     0.00	     0.00	     0.00	     0.00	     0.00	     0.00	     0.00
   5254.3	   0.8443	   0.0000	   0.1501	   0.0000	   0.1505	   0.0000	     0.00	     0.00	     0.00	     0.00	     0.00	     0.00	     0.00	     0.00
   5300.4	   0.8405	   0.0000	   0.1537	   0.0000	   0.1540	   0.0000	     0.00	     0.00	     0.00	     0.00	     0.00	     0.00	     0.00	     0.00
   5347.2	   0.8375	   0.0000	   0.1572	   0.0000	   0.1577	   0.0000	     0.00	     0.00	     0.00	     0.00	     0.00	     0.00	     0.00	     0.00
   5394.8	   0.8341	   0.0000	   0.1606	   0.0000	   0.1612	   0.0000	     0.00	     0.00	     0.00	     0.00	     0.00	     0.00	     0.00	     0.00
   5443.3	   0.8306	   0.0000	   0.1640	   0.0000	   0.1645	   0.0000	     0.00	     0.00	     0.00	     0.00	     0.00	     0.00	     0.00	     0.00
   5492.7	   0.8274	   0.0000	   0.1672	   0.0000	   0.1678	   0.0000	     0.00	     0.00	     0.00	     0.00	     0.00	     0.00	     0.00	     0.00
   5543.0	   0.8243	   0.0000	   0.1704	   0.0000	   0.1711	   0.0000	     0.00	     0.00	     0.00	     0.00	     0.00	     0.00	     0.00	     0.00
   5594.2	   0.8211	   0.0000	   0.1735	   0.0000	   0.1741	   0.0000	     0.00	     0.00	     0.00	     0.00	     0.00	     0.00	     0.00	     0.00
   5646.4	   0.8185	   0.0000	   0.1764	   0.0000	   0.1772	   0.0000	     0.00	     0.00	     0.00	     0.00	     0.00	     0.00	     0.00	     0.00
   5699.6	   0.8159	   0.0000	   0.1793	   0.0000	   0.1801	   0.0000	     0.00	     0.00	     0.00	     0.00	     0.00	     0.00	     0.00	     0.00
   5753.7	   0.8127	   0.0000	   0.1819	   0.0000	   0.1828	   0.0000	     0.00	     0.00	     0.00	     0.00	     0.00	     0.00	     0.00	     0.00
   5809.0	   0.8103	   0.0000	   0.1845	   0.0000	   0.1854	   0.0000	     0.00	     0.00	     0.00	     0.00	     0.00	     0.00	     0.00	     0.00
   5865.2	   0.8074	   0.0000	   0.1869	   0.0000	   0.1878	   0.0000	     0.00	     0.00	     0.00	     0.00	     0.00	     0.00	     0.00	     0.00
   5922.6	   0.8054	   0.0000	   0.1892	   0.0000	   0.1901	   0.0000	     0.00	     0.00	     0.00	     0.00	     0.00	     0.00	     0.00	     0.00
   5981.1	   0.8034	   0.0000	   0.1914	   0.0000	   0.1923	   0.0000	     0.00	     0.00	     0.00	     0.00	     0.00	     0.00	     0.00	     0.00
   6040.8	   0.8012	   0.0000	   0.1934	   0.0000	   0.1943	   0.0000	     0.00	     0.00	     0.00	     0.00	     0.00	     0.00	     0.00	     0.00
   6101.7	   0.7989	   0.0000	   0.1952	   0.0000	   0.1960	   0.0000	     0.00	     0.00	     0.00	     0.00	     0.00	     0.00	     0.00	     0.00
   6163.8	   0.7975	   0.0000	   0.1969	   0.0000	   0.1978	   0.0000	     0.00	     0.00	     0.00	     0.00	     0.00	     0.00	     0.00	     0.00
   6227.2	   0.7954	   0.0000	   0.1984	   0.0000	   0.1992	   0.0000	     0.00	     0.00	     0.00	     0.00	     0.00	     0.00	     0.00	     0.00
   6291.9	   0.7937	   0.0000	   0.1996	   0.0000	   0.2005	   0.0000	     0.00	     0.00	     0.00	     0.00	     0.00	     0.00	     0.00	     0.00
   6358.0	   0.7924	   0.0000	   0.2009	   0.0000	   0.2017	   0.0000	     0.00	     0.00	     0.00	     0.00	     0.00	     0.00	     0.00	     0.00
   6425.5	   0.7913	   0.0000	   0.2020	   0.0000	   0.2027	   0.0000	     0.00	     0.00	     0.00	     0.00	     0.00	     0.00	     0.00	     0.00
   6494.4	   0.7904	   0.0000	   0.2029	   0.0000	   0.2035	   0.0000	     0.00	     0.00	     0.00	     0.00	     0.00	     0.00	     0.00	     0.00
   6564.9	   0.7895	   0.0000	   0.2036	   0.0000	   0.2042	   0.0000	     0.00	     0.00	     0.00	     0.00	     0.00	     0.00	     0.00	     0.00
   6636.8	   0.7885	   0.0000	   0.2041	   0.0000	   0.2047	   0.0000	     0.00	     0.00	     0.00	     0.00	     0.00	     0.00	     0.00	     0.00
   6710.4	   0.7882	   0.0000	   0.2045	   0.0000	   0.2051	   0.0000	     0.00	     0.00	     0.00	     0.00	     0.00	     0.00	     0.00	     0.00
   6785.6	   0.7877	   0.0000	   0.2047	   0.0000	   0.2052	   0.0000	     0.00	     0.00	     0.00	     0.00	     0.00	     0.00	     0.00	     0.00
   6862.5	   0.7876	   0.0000	   0.2047	   0.0000	   0.2052	   0.0000	     0.00	     0.00	     0.00	     0.00	     0.00	     0.00	     0.00	     0.00
   6941.2	   0.7871	   0.0000	   0.2045	   0.0000	   0.2049	   0.0000	     0.00	     0.00	     0.00	     0.00	     0.00	     0.00	     0.00	     0.00
   7021.7	   0.7875	   0.0000	   0.2042	   0.0000	   0.2046	   0.0000	     0.00	     0.00	     0.00	     0.00	     0.00	     0.00	     0.00	     0.00
   7104.1	   0.7877	   0.0000	   0.2037	   0.0000	   0.2040	   0.0000	     0.00	     0.00	     0.00	     0.00	     0.00	     0.00	     0.00	     0.00
   7188.5	   0.7875	   0.0000	   0.2030	   0.0000	   0.2031	   0.0000	     0.00	     0.00	     0.00	     0.00	     0.00	     0.00	     0.00	     0.00
   7274.9	   0.7886	   0.0000	   0.2023	   0.0000	   0.2023	   0.0000	     0.00	     0.00	     0.00	     0.00	     0.00	     0.00	     0.00	     0.00
   7363.4	   0.7892	   0.0000	   0.2013	   0.0000	   0.2011	   0.0000	     0.00	     0.00	     0.00	     0.00	     0.00	     0.00	     0.00	     0.00
   7454.0	   0.7894	   0.0000	   0.2000	   0.0000	   0.1997	   0.0000	     0.00	     0.00	     0.00	     0.00	     0.00	     0.00	     0.00	     0.00
   7547.0	   0.7905	   0.0000	   0.1987	   0.0000	   0.1983	   0.0000	     0.00	     0.00	     0.00	     0.00	     0.00	     0.00	     0.00	     0.00
   7642.2	   0.7916	   0.0000	   0.1972	   0.0000	   0.1967	   0.0000	     0.00	     0.00	     0.00	     0.00	     0.00	     0.00	     0.00	     0.00
   7739.9	   0.7927	   0.0000	   0.1955	   0.0000	   0.1948	   0.0000	     0.00	     0.00	     0.00	     0.00	     0.00	     0.00	     0.00	     0.00
   7840.2	   0.7947	   0.0000	   0.1938	   0.0000	   0.1931	   0.0000	     0.00	     0.00	     0.00	     0.00	     0.00	     0.00	     0.00	     0.00
   7943.0	   0.7961	   0.0000	   0.1917	   0.0000	   0.1909	   0.0000	     0.00	     0.00	     0.00	     0.00	     0.00	     0.00	     0.00	     0.00
   8048.7	   0.7974	   0.0000	   0.1895	   0.0000	   0.1885	   0.0000	     0.00	     0.00	     0.00	     0.00	     0.00	     0.00	     0.00	     0.00
   8157.1	   0.7993	   0.0000	   0.1874	   0.0000	   0.1860	   0.0000	     0.00	     0.00	     0.00	     0.00	     0.00	     0.00	     0.00	     0.00
   8268.5	   0.8009	   0.0000	   0.1848	   0.0000	   0.1834	   0.0000	     0.00	     0.00	     0.00	     0.00	     0.00	     0.00	     0.00	     0.00
   8383.0	   0.8024	   0.0000	   0.1821	   0.0000	   0.1804	   0.0000	     0.00	     0.00	     0.00	     0.00	     0.00	     0.00	     0.00	     0.00
   8500.7	   0.8058	   0.0000	   0.1795	   0.0000	   0.1779	   0.0000	     0.00	     0.00	     0.00	     0.00	     0.00	     0.00	     0.00	     0.00
   8621.8	   0.8066	   0.0000	   0.1765	   0.0000	   0.1744	   0.0000	     0.00	     0.00	     0.00	     0.00	     0.00	     0.00	     0.00	     0.00
   8746.4	   0.8118	   0.0000	   0.1738	   0.0000	   0.1719	   0.0000	     0.00	     0.00	     0.00	     0.00	     0.00	     0.00	     0.00	     0.00
   8874.6	   0.8150	   0.0000	   0.1707	   0.0000	   0.1687	   0.0000	     0.00	     0.00	     0.00	     0.00	     0.00	     0.00	     0.00	     0.00
   9006.6	   0.8172	   0.0000	   0.1674	   0.0000	   0.1652	   0.0000	     0.00	     0.00	     0.00	     0.00	     0.00	     0.00	     0.00	     0.00
   9142.6	   0.8199	   0.0000	   0.1640	   0.0000	   0.1615	   0.0000	     0.00	     0.00	     0.00	     0.00	     0.00	     0.00	     0.00	     0.00
   9282.8	   0.8222	   0.0000	   0.1604	   0.0000	   0.1577	   0.0000	     0.00	     0.00	     0.00	     0.00	     0.00	     0.00	     0.00	     0.00
   9427.4	   0.8253	   0.0000	   0.1569	   0.0000	   0.1539	   0.0000	     0.00	     0.00	     0.00	     0.00	     0.00	     0.00	     0.00	     0.00
   9576.5	   0.8277	   0.0000	   0.1531	   0.0000	   0.1498	   0.0000	     0.00	     0.00	     0.00	     0.00	     0.00	     0.00	     0.00	     0.00
   9730.4	   0.8305	   0.0000	   0.1493	   0.0000	   0.1458	   0.0000	     0.00	     0.00	     0.00	     0.00	     0.00	     0.00	     0.00	     0.00
   9889.4	   0.8333	   0.0000	   0.1454	   0.0000	   0.1416	   0.0000	     0.00	     0.00	     0.00	     0.00	     0.00	     0.00	     0.00	     0.00
  10053.6	   0.8367	   0.0000	   0.1416	   0.0000	   0.1375	   0.0000	     0.00	     0.00	     0.00	     0.00	     0.00	     0.00	     0.00	     0.00
  10223.4	   0.8396	   0.0000	   0.1375	   0.0000	   0.1332	   0.0000	     0.00	     0.00	     0.00	     0.00	     0.00	     0.00	     0.00	     0.00
  10399.0	   0.8426	   0.0000	   0.1336	   0.0000	   0.1288	   0.0000	     0.00	     0.00	     0.00	     0.00	     0.00	     0.00	     0.00	     0.00
  10580.8	   0.8453	   0.0000	   0.1295	   0.0000	   0.1244	   0.0000	     0.00	     0.00	     0.00	     0.00	     0.00	     0.00	     0.00	     0.00
  10769.0	   0.8484	   0.0000	   0.1255	   0.0000	   0.1200	   0.0000	     0.00	     0.00	     0.00	     0.00	     0.00	     0.00	     0.00	     0.00
  10964.0	   0.8509	   0.0000	   0.1215	   0.0000	   0.1155	   0.0000	     0.00	     0.00	     0.00	     0.00	     0.00	     0.00	     0.00	     0.00
  11166.3	   0.8534	   0.0000	   0.1175	   0.0000	   0.1111	   0.0000	     0.00	     0.00	     0.00	     0.00	     0.00	     0.00	     0.00	     0.00
  11376.1	   0.8555	   0.0000	   0.1135	   0.0000	   0.1066	   0.0000	     0.00	     0.00	     0.00	     0.00	     0.00	     0.00	     0.00	     0.00
  11594.0	   0.8582	   0.0000	   0.1097	   0.0000	   0.1023	   0.0000	     0.00	     0.00	     0.00	     0.00	     0.00	     0.00	     0.00	     0.00
  11820.3	   0.8600	   0.0000	   0.1060	   0.0000	   0.0979	   0.0000	     0.00	     0.00	     0.00	     0.00	     0.00	     0.00	     0.00	     0.00
  12055.7	   0.8617	   0.0000	   0.1023	   0.0000	   0.0936	   0.0000	     0.00	     0.00	     0.00	     0.00	     0.00	     0.00	     0.00	     0.00
  12300.7	   0.8630	   0.0000	   0.0988	   0.0000	   0.0894	   0.0000	     0.00	     0.00	     0.00	     0.00	     0.00	     0.00	     0.00	     0.00
  12555.8	   0.8643	   0.0000	   0.0956	   0.0000	   0.0854	   0.0000	     0.00	     0.00	     0.00	     0.00	     0.00	     0.00	     0.00	     0.00
  12821.7	   0.8649	   0.0000	   0.0925	   0.0000	   0.0815	   0.0000	     0.00	     0.00	     0.00	     0.00	     0.00	     0.00	     0.00	     0.00
  13099.2	   0.8652	   0.0000	   0.0897	   0.0000	   0.0778	   0.0000	     0.00	     0.00	     0.00	     0.00	     0.00	     0.00	     0.00	     0.00
  13388.9	   0.8651	   0.0000	   0.0872	   0.0000	   0.0743	   0.0000	     0.00	     0.00	     0.00	     0.00	     0.00	     0.00	     0.00	     0.00
  13691.7	   0.8642	   0.0000	   0.0851	   0.0000	   0.0710	   0.0000	     0.00	     0.00	     0.00	     0.00	     0.00	     0.00	     0.00	     0.00
  14008.5	   0.8628	   0.0000	   0.0833	   0.0000	   0.0680	   0.0000	     0.00	     0.00	     0.00	     0.00	     0.00	     0.00	     0.00	     0.00
  14340.4	   0.8611	   0.0000	   0.0818	   0.0000	   0.0655	   0.0000	     0.00	     0.00	     0.00	     0.00	     0.00	     0.00	     0.00	     0.00
  14688.3	   0.8589	   0.0000	   0.0809	   0.0000	   0.0633	   0.0000	     0.00	     0.00	     0.00	     0.00	     0.00	     0.00	     0.00	     0.00
  15053.5	   0.8559	   0.0000	   0.0806	   0.0000	   0.0614	   0.0000	     0.00	     0.00	     0.00	     0.00	     0.00	     0.00	     0.00	     0.00
  15437.4	   0.8516	   0.0000	   0.0808	   0.0000	   0.0599	   0.0000	     0.00	     0.00	     0.00	     0.00	     0.00	     0.00	     0.00	     0.00
  15841.4	   0.8468	   0.0000	   0.0815	   0.0000	   0.0591	   0.0000	     0.00	     0.00	     0.00	     0.00	     0.00	     0.00	     0.00	     0.00
  16267.0	   0.8412	   0.0000	   0.0829	   0.0000	   0.0587	   0.0000	     0.00	     0.00	     0.00	     0.00	     0.00	     0.00	     0.00	     0.00
  16716.2	   0.8340	   0.0000	   0.0849	   0.0000	   0.0589	   0.0000	     0.00	     0.00	     0.00	     0.00	     0.00	     0.00	     0.00	     0.00
  17190.9	   0.8262	   0.0000	   0.0877	   0.0000	   0.0598	   0.0000	     0.00	     0.00	     0.00	     0.00	     0.00	     0.00	     0.00	     0.00
  17693.3	   0.8174	   0.0000	   0.0912	   0.0000	   0.0614	   0.0000	     0.00	     0.00	     0.00	     0.00	     0.00	     0.00	     0.00	     0.00
  18226.0	   0.8066	   0.0000	   0.0957	   0.0000	   0.0635	   0.0000	     0.00	     0.00	     0.00	     0.00	     0.00	     0.00	     0.00	     0.00
  18791.8	   0.7953	   0.0000	   0.1010	   0.0000	   0.0664	   0.0000	     0.00	     0.00	     0.00	     0.00	     0.00	     0.00	     0.00	     0.00
  19393.8	   0.7834	   0.0000	   0.1070	   0.0000	   0.0700	   0.0000	     0.00	     0.00	     0.00	     0.00	     0.00	     0.00	     0.00	     0.00
  20035.6	   0.7692	   0.0000	   0.1141	   0.0000	   0.0742	   0.0000	     0.00	     0.00	     0.00	     0.00	     0.00	     0.00	     0.00	     0.00
  20721.4	   0.7547	   0.0000	   0.1218	   0.0000	   0.0791	   0.0000	     0.00	     0.00	     0.00	     0.00	     0.00	     0.00	     0.00	     0.00
  21455.8	   0.7382	   0.0000	   0.1305	   0.0000	   0.0846	   0.0000	     0.00	     0.00	     0.00	     0.00	     0.00	     0.00	     0.00	     0.00
  22244.2	   0.7187	   0.0000	   0.1400	   0.0000	   0.0908	   0.0000	     0.00	     0.00	     0.00	     0.00	     0.00	     0.00	     0.00	     0.00
  23092.7	   0.6988	   0.0000	   0.1522	   0.0000	   0.0993	   0.0000	     0.00	     0.00	     0.00	     0.00	     0.00	     0.00	     0.00	     0.00
  24008.5	   0.6782	   0.0000	   0.1650	   0.0000	   0.1085	   0.0000	     0.00	     0.00	     0.00	     0.00	     0.00	     0.00	     0.00	     0.00
  25000.0	   0.6513	   0.0000	   0.1815	   0.0000	   0.1205	   0.0000	     0.00	     0.00	     0.00	     0.00	     0.00	     0.00	     0.00	     0.00
