ASTM G173
 445
2800	1.42e-28
2850	5.04e-19
2900	2.88e-12
2950	1.8e-08
3000	2.55e-06
3050	5e-05
3100	0.000156
3150	0.000412
3200	0.000631
3250	0.000868
3300	0.00147
3350	0.00148
3400	0.00166
3450	0.00156
3500	0.00184
3550	0.00219
3600	0.0022
3650	0.00234
3700	0.00289
3750	0.0023
3800	0.00278
3850	0.00272
3900	0.00327
3950	0.00336
4000	0.0047
4050	0.00492
4100	0.00453
4150	0.00535
4200	0.00495
4250	0.00556
4300	0.00392
4350	0.00564
4400	0.00615
4450	0.00671
4500	0.00721
4550	0.00708
4600	0.00716
4650	0.00722
4700	0.00713
4750	0.0077
4800	0.00774
4850	0.00753
4900	0.00782
4950	0.00797
5000	0.00749
5050	0.00761
5100	0.00755
5150	0.00749
5200	0.00747
5250	0.00776
5300	0.00761
5350	0.00767
5400	0.00733
5450	0.00764
5500	0.00764
5550	0.00777
5600	0.00734
5650	0.00759
5700	0.00741
5750	0.0074
5800	0.00753
5850	0.00769
5900	0.00689
5950	0.0072
6000	0.00743
6050	0.00751
6100	0.00741
6150	0.00742
6200	0.00744
6250	0.00709
6300	0.00705
6350	0.00731
6400	0.00725
6450	0.00737
6500	0.00688
6550	0.00684
6600	0.00709
6650	0.0072
6700	0.00719
6750	0.00707
6800	0.00708
6850	0.00697
6900	0.00601
6950	0.00646
7000	0.00651
7050	0.00671
7100	0.00669
7150	0.0064
7200	0.00503
7250	0.0053
7300	0.00576
7350	0.00621
7400	0.00622
7450	0.00638
7500	0.00631
7550	0.00634
7600	0.00138
7650	0.00355
7700	0.00596
7750	0.00604
7800	0.00598
7850	0.00596
7900	0.00562
7950	0.00563
8000	0.00553
8050	0.00544
8100	0.00546
8150	0.00464
8200	0.00447
8250	0.00502
8300	0.00475
8350	0.0052
8400	0.00527
8450	0.00527
8500	0.00464
8550	0.00474
8600	0.00514
8650	0.00501
8700	0.00503
8750	0.00482
8800	0.00489
8850	0.00492
8900	0.00482
8950	0.00425
9000	0.00389
9050	0.00427
9100	0.00328
9150	0.00356
9200	0.0039
9250	0.00373
9300	0.00228
9350	0.00133
9400	0.00249
9450	0.00194
9500	0.00078
9550	0.0018
9600	0.00222
9650	0.00266
9700	0.00334
9750	0.00311
9800	0.00319
9850	0.00362
9900	0.00385
9950	0.00396
10000	0.00387
10050	0.00359
10100	0.00379
10150	0.00373
10200	0.00368
10250	0.00368
10300	0.00364
10350	0.0036
10400	0.00355
10450	0.00351
10500	0.00346
10550	0.00343
10600	0.00336
10650	0.00333
10700	0.0032
10750	0.00314
10800	0.00316
10850	0.00314
10900	0.00295
10950	0.00276
11000	0.00258
11050	0.00269
11100	0.00255
11150	0.00133
11200	0.000759
11250	0.000772
11300	0.000378
11350	8.29e-05
11400	0.00137
11450	0.000782
11500	0.000652
11550	0.00167
11600	0.00153
11650	0.00208
11700	0.00245
11750	0.00241
11800	0.00235
11850	0.00218
11900	0.00247
11950	0.00239
12000	0.00239
12050	0.00233
12100	0.00242
12150	0.00229
12200	0.00245
12250	0.00247
12300	0.00246
12350	0.00249
12400	0.00246
12450	0.00244
12500	0.00244
12550	0.00241
12600	0.00231
12650	0.00212
12700	0.00208
12750	0.00221
12800	0.00226
12850	0.00227
12900	0.00221
12950	0.00217
13000	0.00189
13050	0.00206
13100	0.00162
13150	0.00154
13200	0.00139
13250	0.00173
13300	0.00123
13350	0.00124
13400	0.000908
13450	0.000589
13500	8.67e-05
13550	1.95e-08
13600	1.16e-08
13650	4.92e-14
13700	1.58e-09
13750	1.75e-06
13800	4.42e-07
13850	1.13e-08
13900	2.68e-06
13950	3.65e-09
14000	1.76e-11
14050	1.98e-09
14100	2.54e-06
14150	9.99e-07
14200	4.5e-05
14250	0.000141
14300	0.000335
14350	0.000117
14400	0.000216
14450	0.000271
14500	0.000149
14550	0.00036
14600	0.000465
14650	0.000509
14700	0.000271
14750	0.001
14800	0.000331
14850	0.000681
14900	0.000951
14950	0.000993
15000	0.00136
15050	0.001
15100	0.00147
15150	0.00144
15200	0.00144
15250	0.00141
15300	0.00139
15350	0.00145
15400	0.00144
15450	0.00151
15500	0.00147
15550	0.00146
15600	0.00145
15650	0.00145
15700	0.00131
15750	0.0013
15800	0.00133
15850	0.00141
15900	0.00131
15950	0.0014
16000	0.00129
16050	0.00129
16100	0.00118
16150	0.00131
16200	0.00128
16250	0.00129
16300	0.00129
16350	0.00127
16400	0.00117
16450	0.00119
16500	0.00123
16550	0.00121
16600	0.00122
16650	0.00115
16700	0.00121
16750	0.00116
16800	0.00112
16850	0.00116
16900	0.00112
16950	0.00114
17000	0.00109
17050	0.00108
17100	0.00103
17150	0.00103
17200	0.00102
17250	0.000972
17300	0.00095
17350	0.000882
17400	0.000918
17450	0.000845
17500	0.000904
17550	0.000836
17600	0.000873
17650	0.000726
17700	0.000774
17750	0.000628
17800	0.000549
17850	0.000421
17900	0.000486
17950	0.000257
18000	0.000174
18050	8.11e-05
18100	5.3e-05
18150	1.8e-05
18200	5.4e-06
18250	6.97e-06
18300	2.85e-08
18350	3.51e-08
18400	3.43e-10
18450	3.43e-08
18500	1.64e-08
18550	1.56e-09
18600	6.11e-08
18650	9.31e-08
18700	1.46e-12
18750	2.48e-12
18800	4.26e-07
18850	2.41e-07
18900	1.23e-06
18950	7.13e-07
19000	4.75e-09
19050	3.12e-09
19100	1.27e-07
19150	1.1e-07
19200	2.49e-06
19250	5.17e-06
19300	3.05e-06
19350	1.98e-05
19400	1.81e-05
19450	5.99e-05
19500	9.22e-05
19550	5.53e-05
19600	0.000121
19650	0.000157
19700	0.000269
19750	0.000373
19800	0.000415
19850	0.000457
19900	0.000471
19950	0.000447
20000	0.00021
20050	8.25e-05
20100	0.000219
20150	0.000147
20200	0.000248
20250	0.000407
20300	0.000467
20350	0.000531
20400	0.000494
20450	0.000502
20500	0.000374
20550	0.000303
20600	0.000381
20650	0.000341
20700	0.000362
20750	0.000427
20800	0.000479
20850	0.000469
20900	0.000491
20950	0.000495
21000	0.000475
21050	0.000514
21100	0.000494
21150	0.000505
21200	0.000483
21250	0.000489
21300	0.000495
21350	0.000496
21400	0.0005
21450	0.000493
21500	0.000467
21550	0.000468
21600	0.000464
21650	0.000421
21700	0.000452
21750	0.000444
21800	0.000451
21850	0.000411
21900	0.000436
21950	0.000436
22000	0.000393
22050	0.000408
22100	0.000437
22150	0.000421
22200	0.000429
22250	0.000416
22300	0.000418
22350	0.00041
22400	0.000404
22450	0.000391
22500	0.000398
22550	0.000374
22600	0.00037
22650	0.000377
22700	0.000359
22750	0.000354
22800	0.000367
22850	0.000349
22900	0.00035
22950	0.000339
23000	0.000326
23050	0.000328
23100	0.000354
23150	0.000322
23200	0.000288
23250	0.000311
23300	0.000315
23350	0.000321
23400	0.000254
23450	0.000285
23500	0.00023
23550	0.000263
23600	0.000278
23650	0.000274
23700	0.000171
23750	0.000245
23800	0.000236
23850	0.000171
23900	0.000206
23950	0.000225
24000	0.000245
24050	0.000186
24100	0.000188
24150	0.000151
24200	0.000148
24250	0.000184
24300	0.00025
24350	8.26e-05
24400	0.00024
24450	0.000116
24500	7.57e-05
24550	0.000138
24600	0.000186
24650	0.000134
24700	9.31e-05
24750	9.16e-05
24800	4.48e-05
24850	3.13e-05
24900	1.96e-05
24950	1.6e-05
25000	3.94e-05
