ISO 9050
 441
3000	0
3050	5.7e-05
3100	0.000236
3150	0.000554
3200	0.000916
3250	0.00131
3300	0.00191
3350	0.00202
3400	0.00219
3450	0.00226
3500	0.00245
3550	0.00256
3600	0.00268
3650	0.00302
3700	0.00336
3750	0.00351
3800	0.0036
3850	0.00353
3900	0.00355
3950	0.0043
4000	0.00521
4050	0.00552
4100	0.00582
4150	0.00588
4200	0.00594
4250	0.00581
4300	0.00568
4350	0.00615
4400	0.00663
4450	0.00715
4500	0.00768
4550	0.00788
4600	0.00809
4650	0.00809
4700	0.00809
4750	0.00815
4800	0.0082
4850	0.00805
4900	0.0079
4950	0.0079
5000	0.0079
5050	0.00795
5100	0.00799
5150	0.00784
5200	0.00768
5250	0.00781
5300	0.00794
5350	0.00793
5400	0.00792
5450	0.00792
5500	0.00793
5550	0.00786
5600	0.0078
5650	0.00772
5700	0.00763
5750	0.0075
5800	0.00738
5850	0.00727
5900	0.00717
5950	0.00725
6000	0.00734
6050	0.00743
6100	0.00752
6150	0.00748
6200	0.00743
6250	0.00737
6300	0.00731
6350	0.00722
6400	0.00713
6450	0.00718
6500	0.00723
6550	0.00719
6600	0.00716
6650	0.00709
6700	0.00701
6750	0.00672
6800	0.00642
6850	0.00616
6900	0.0059
6950	0.00606
7000	0.00623
7050	0.00632
7100	0.0064
7150	0.00585
7200	0.0053
7250	0.00546
7300	0.00562
7350	0.00585
7400	0.00609
7450	0.00609
7500	0.00609
7550	0.00543
7600	0.00476
7650	0.005
7700	0.00524
7750	0.00547
7800	0.00569
7850	0.00566
7900	0.00563
7950	0.00521
8000	0.00479
8050	0.00479
8100	0.0048
8150	0.0048
8200	0.0048
8250	0.00481
8300	0.00481
8350	0.00482
8400	0.00482
8450	0.00482
8500	0.00483
8550	0.00475
8600	0.00467
8650	0.00459
8700	0.00451
8750	0.00443
8800	0.00435
8850	0.00427
8900	0.00419
8950	0.00411
9000	0.00403
9050	0.00384
9100	0.00365
9150	0.00346
9200	0.00327
9250	0.00309
9300	0.0029
9350	0.00271
9400	0.00252
9450	0.00233
9500	0.00214
9550	0.00229
9600	0.00243
9650	0.00258
9700	0.00273
9750	0.00288
9800	0.00302
9850	0.00317
9900	0.00332
9950	0.00346
10000	0.00361
10050	0.00359
10100	0.00357
10150	0.00355
10200	0.00353
10250	0.00351
10300	0.00349
10350	0.00347
10400	0.00345
10450	0.00343
10500	0.00341
10550	0.00326
10600	0.00311
10650	0.00295
10700	0.0028
10750	0.00265
10800	0.0025
10850	0.00234
10900	0.00219
10950	0.00204
11000	0.00189
11050	0.00183
11100	0.00177
11150	0.00172
11200	0.00166
11250	0.00161
11300	0.00155
11350	0.00149
11400	0.00144
11450	0.00138
11500	0.00132
11550	0.00142
11600	0.00151
11650	0.0016
11700	0.0017
11750	0.00179
11800	0.00188
11850	0.00198
11900	0.00207
11950	0.00216
12000	0.00226
12050	0.00226
12100	0.00227
12150	0.00228
12200	0.00229
12250	0.0023
12300	0.00231
12350	0.00231
12400	0.00232
12450	0.00233
12500	0.00234
12550	0.00228
12600	0.00223
12650	0.00217
12700	0.00211
12750	0.00206
12800	0.002
12850	0.00195
12900	0.00189
12950	0.00183
13000	0.00178
13050	0.00164
13100	0.0015
13150	0.00136
13200	0.00122
13250	0.00108
13300	0.000935
13350	0.000795
13400	0.000655
13450	0.000515
13500	0.000374
13550	0.000344
13600	0.000314
13650	0.000284
13700	0.000254
13750	0.000224
13800	0.000194
13850	0.000164
13900	0.000134
13950	0.000104
14000	7.41e-05
14050	0.000105
14100	0.000135
14150	0.000166
14200	0.000196
14250	0.000227
14300	0.000257
14350	0.000288
14400	0.000318
14450	0.000349
14500	0.000379
14550	0.000438
14600	0.000497
14650	0.000556
14700	0.000616
14750	0.000675
14800	0.000734
14850	0.000793
14900	0.000852
14950	0.000911
15000	0.00097
15050	0.00101
15100	0.00105
15150	0.00109
15200	0.00113
15250	0.00117
15300	0.00121
15350	0.00125
15400	0.00129
15450	0.00133
15500	0.00137
15550	0.00136
15600	0.00134
15650	0.00133
15700	0.00131
15750	0.0013
15800	0.00128
15850	0.00127
15900	0.00125
15950	0.00124
16000	0.00122
16050	0.0012
16100	0.00119
16150	0.00117
16200	0.00116
16250	0.00114
16300	0.00113
16350	0.00111
16400	0.00109
16450	0.00108
16500	0.00106
16550	0.00103
16600	0.000995
16650	0.000961
16700	0.000928
16750	0.000894
16800	0.00086
16850	0.000827
16900	0.000793
16950	0.00076
17000	0.000726
17050	0.000725
17100	0.000724
17150	0.000724
17200	0.000723
17250	0.000722
17300	0.000722
17350	0.000721
17400	0.00072
17450	0.000719
17500	0.000719
17550	0.000668
17600	0.000618
17650	0.000568
17700	0.000518
17750	0.000467
17800	0.000417
17850	0.000367
17900	0.000316
17950	0.000266
18000	0.000216
18050	0.000198
18100	0.000181
18150	0.000163
18200	0.000145
18250	0.000128
18300	0.00011
18350	9.26e-05
18400	7.5e-05
18450	5.74e-05
18500	3.98e-05
18550	3.67e-05
18600	3.35e-05
18650	3.03e-05
18700	2.72e-05
18750	2.4e-05
18800	2.09e-05
18850	1.77e-05
18900	1.45e-05
18950	1.14e-05
19000	8.2e-06
19050	1.83e-05
19100	2.83e-05
19150	3.84e-05
19200	4.84e-05
19250	5.85e-05
19300	6.85e-05
19350	7.86e-05
19400	8.86e-05
19450	9.87e-05
19500	0.000109
19550	0.000128
19600	0.000148
19650	0.000167
19700	0.000186
19750	0.000206
19800	0.000225
19850	0.000244
19900	0.000264
19950	0.000283
20000	0.000303
20050	0.000312
20100	0.000322
20150	0.000331
20200	0.000341
20250	0.000351
20300	0.00036
20350	0.00037
20400	0.00038
20450	0.000389
20500	0.000399
20550	0.000401
20600	0.000404
20650	0.000406
20700	0.000409
20750	0.000411
20800	0.000413
20850	0.000416
20900	0.000418
20950	0.000421
21000	0.000423
21050	0.000422
21100	0.000421
21150	0.00042
21200	0.00042
21250	0.000419
21300	0.000418
21350	0.000417
21400	0.000416
21450	0.000415
21500	0.000414
21550	0.00041
21600	0.000405
21650	0.000401
21700	0.000396
21750	0.000392
21800	0.000387
21850	0.000383
21900	0.000378
21950	0.000374
22000	0.000369
22050	0.000368
22100	0.000367
22150	0.000366
22200	0.000365
22250	0.000364
22300	0.000363
22350	0.000362
22400	0.000361
22450	0.00036
22500	0.000359
22550	0.000358
22600	0.000356
22650	0.000355
22700	0.000353
22750	0.000352
22800	0.00035
22850	0.000348
22900	0.000347
22950	0.000345
23000	0.000344
23050	0.000341
23100	0.000338
23150	0.000336
23200	0.000333
23250	0.00033
23300	0.000327
23350	0.000325
23400	0.000322
23450	0.000319
23500	0.000316
23550	0.000307
23600	0.000298
23650	0.000289
23700	0.000279
23750	0.00027
23800	0.000261
23850	0.000251
23900	0.000242
23950	0.000233
24000	0.000223
24050	0.000213
24100	0.000203
24150	0.000192
24200	0.000182
24250	0.000172
24300	0.000162
24350	0.000151
24400	0.000141
24450	0.000131
24500	0.00012
24550	0.000113
24600	0.000106
24650	9.84e-05
24700	9.12e-05
24750	8.39e-05
24800	7.66e-05
24850	6.93e-05
24900	6.21e-05
24950	5.48e-05
25000	4.75e-05
