RIF05 misura V-W corretta feb/2020
#####SCALEDA
190.
3200.
3011
190	0.772000015
191	0.773000002
192	0.774999976
193	0.776000023
194	0.777999997
195	0.779999971
196	0.782000005
197	0.783999979
198	0.786000013
199	0.788999975
200	0.791000009
201	0.79400003
202	0.796999991
203	0.800000012
204	0.801999986
205	0.805000007
206	0.808000028
207	0.811999977
208	0.814999998
209	0.818000019
210	0.82099998
211	0.824000001
212	0.827000022
213	0.829999983
214	0.833000004
215	0.834999979
216	0.838
217	0.839999974
218	0.842999995
219	0.845000029
220	0.847000003
221	0.848999977
222	0.851000011
223	0.852999985
224	0.853999972
225	0.856000006
226	0.85799998
227	0.859000027
228	0.860000014
229	0.861999989
230	0.862999976
231	0.864000022
232	0.86500001
233	0.865999997
234	0.866999984
235	0.867999971
236	0.869000018
237	0.870000005
238	0.870999992
239	0.871999979
240	0.881125910242
241	0.8810706493404
242	0.8820245567194
243	0.8829783375
244	0.88292295
245	0.8838765408831
246	0.8838210900839
247	0.8847744910695
248	0.8847189769712
249	0.8856722485835
250	0.8856166711822
251	0.8855610937808
252	0.8865140516684
253	0.8864584109679
254	0.8864027702674
255	0.8863471295669
256	0.8862914888664
257	0.8872440669588
258	0.8871883629592
259	0.8871326589595
260	0.8870769549598
261	0.8870212509601
262	0.8869655469604
263	0.8869098429607
264	0.8868541389611
265	0.8867984349614
266	0.8867427309617
267	0.886687026962
268	0.8866313229623
269	0.8865756189626
270	0.8855125190593
271	0.8854568783588
272	0.8854012376583
273	0.8853455969578
274	0.8852899562572
275	0.8852343155567
276	0.8841716587476
277	0.8841160813463
278	0.884060503945
279	0.8840049265436
280	0.8839493491423
281	0.8828870117255
282	0.8828314976271
283	0.8827759835288
284	0.8827204694304
285	0.881658508916
286	0.8816030581168
287	0.8815476073177
288	0.8814921565185
289	0.8804305125
290	0.880375125
291	0.8803197375
292	0.88026435
293	0.8792030224774
294	0.8791476982766
295	0.8790923740757
296	0.8780312997498
297	0.8779760388482
298	0.8779207779466
299	0.876859896483
300	0.8768046988843
301	0.8767495012856
302	0.8766943036869
303	0.8756337990574
304	0.8755786647579
305	0.8755235304585
306	0.8744632790257
307	0.8744082080253
308	0.874353137025
309	0.8742980660247
310	0.8742429950244
311	0.8731831233866
312	0.8731281156855
313	0.8730731079844
314	0.8730181002832
315	0.8719584848677
316	0.8719035404696
317	0.8718485960714
318	0.8717936516733
319	0.8717387072751
320	0.8716837628769
321	0.8706246508331
322	0.8705697697341
323	0.8705148886351
324	0.8704600075361
325	0.8704051264372
326	0.8693463941884
327	0.8692915763886
328	0.8692367585888
329	0.869181940789
330	0.8691271229892
331	0.8680687705355
332	0.8680140160348
333	0.8679592615342
334	0.8679045070336
335	0.8668464700725
336	0.8667917788711
337	0.8667370876697
338	0.8666823964683
339	0.865624617827
340	0.8655699899285
341	0.86551536203
342	0.8644578957686
343	0.8644033311693
344	0.86434876657
345	0.8632915525027
346	0.8632370512026
347	0.8631825499025
348	0.8631280486025
349	0.8620711520337
350	0.8620167140328
351	0.8619622760319
352	0.8619078380311
353	0.8608512579582
354	0.8607968832565
355	0.8607425085548
356	0.8606881338531
357	0.8606337591514
358	0.8595774987632
359	0.8595231873645
360	0.8594688759658
361	0.859414564567
362	0.8593602531683
363	0.8593059417696
364	0.8582501845898
365	0.8581959364902
366	0.8581416883907
367	0.8580874402911
368	0.8580331921916
369	0.857978944092
370	0.8569236300065
371	0.8568694452061
372	0.8568152604057
373	0.8567610756053
374	0.856706890805
375	0.8566527060046
376	0.8565985212042
377	0.8565443364038
378	0.8554895920109
379	0.8554354705097
380	0.8553813490085
381	0.8553272275073
382	0.8552731060061
383	0.8552189845049
384	0.8551648630037
385	0.8551107415025
386	0.8550566200013
387	0.8540024485999
388	0.8539483904017
389	0.8538943322035
390	0.8538402740052
391	0.853786215807
392	0.8537321576088
393	0.8536780994106
394	0.8536240412123
395	0.8535699830141
396	0.8535159248159
397	0.8534618666176
398	0.8534078084194
399	0.8533537502212
400	0.853299692023
401	0.8532456338247
402	0.8531915756265
403	0.8531375174283
404	0.85308345923
405	0.852030550517
406	0.851976555618
407	0.8519225607189
408	0.8518685658199
409	0.8518145709208
410	0.8517605760218
411	0.8517065811227
412	0.8516525862237
413	0.8515985913246
414	0.8515445964256
415	0.8514906015265
416	0.8514366066275
417	0.8513826117284
418	0.8513286168294
419	0.8512746219303
420	0.8512206270313
421	0.8511666321322
422	0.8511126372332
423	0.8510586423341
424	0.8510046474351
425	0.850952785036
426	0.850952785036
427	0.850952785036
428	0.850952785036
429	0.850952785036
430	0.850952785036
431	0.850952785036
432	0.850952785036
433	0.850952785036
434	0.850952785036
435	0.850952785036
436	0.850952785036
437	0.850952785036
438	0.850952785036
439	0.8519503720672
440	0.8519503720672
441	0.8519503720672
442	0.8519503720672
443	0.8519503720672
444	0.8519503720672
445	0.8519503720672
446	0.8519503720672
447	0.8519503720672
448	0.8519503720672
449	0.8519503720672
450	0.8519503720672
451	0.8519503720672
452	0.8519503720672
453	0.8519503720672
454	0.8519503720672
455	0.8519503720672
456	0.8519503720672
457	0.8519503720672
458	0.8519503720672
459	0.8519503720672
460	0.8519503720672
461	0.8519503720672
462	0.8519503720672
463	0.8519503720672
464	0.8519503720672
465	0.8529480189544
466	0.8529480189544
467	0.8529480189544
468	0.8529480189544
469	0.8529480189544
470	0.8529480189544
471	0.8529480189544
472	0.8529480189544
473	0.8529480189544
474	0.8529480189544
475	0.8529480189544
476	0.8529480189544
477	0.8529480189544
478	0.8529480189544
479	0.8539456059856
480	0.8539456059856
481	0.8539456059856
482	0.8539456059856
483	0.8539456059856
484	0.8539456059856
485	0.8539456059856
486	0.8539456059856
487	0.8539456059856
488	0.8539456059856
489	0.8539456059856
490	0.8539456059856
491	0.8539456059856
492	0.8539456059856
493	0.8549431930168
494	0.8549431930168
495	0.8549431930168
496	0.8549431930168
497	0.8549431930168
498	0.8549431930168
499	0.8549431930168
500	0.8549431930168
501	0.8549431930168
502	0.8549431930168
503	0.8549431930168
504	0.8549431930168
505	0.8549431930168
506	0.8549431930168
507	0.8549431930168
508	0.8549431930168
509	0.8549431930168
510	0.8549431930168
511	0.8549431930168
512	0.8549431930168
513	0.8549431930168
514	0.8549431930168
515	0.855940780048
516	0.855940780048
517	0.855940780048
518	0.855940780048
519	0.855940780048
520	0.855940780048
521	0.855940780048
522	0.855940780048
523	0.855940780048
524	0.855940780048
525	0.855940780048
526	0.855940780048
527	0.855940780048
528	0.855940780048
529	0.855940780048
530	0.8569384269352
531	0.8569384269352
532	0.8569384269352
533	0.8569384269352
534	0.8569384269352
535	0.8569384269352
536	0.8569384269352
537	0.8569384269352
538	0.8569384269352
539	0.8569384269352
540	0.8569384269352
541	0.8569384269352
542	0.8569384269352
543	0.8569384269352
544	0.8569384269352
545	0.8569384269352
546	0.8569384269352
547	0.8579360139664
548	0.8579360139664
549	0.8579360139664
550	0.8579360139664
551	0.8579360139664
552	0.8579360139664
553	0.8579360139664
554	0.8579360139664
555	0.8579360139664
556	0.8579360139664
557	0.8579360139664
558	0.8579360139664
559	0.8579360139664
560	0.8579360139664
561	0.8579360139664
562	0.8579360139664
563	0.8579360139664
564	0.8579360139664
565	0.8579360139664
566	0.8579360139664
567	0.8579360139664
568	0.8579360139664
569	0.8579360139664
570	0.8579360139664
571	0.8579360139664
572	0.8579360139664
573	0.8579360139664
574	0.8579360139664
575	0.8579360139664
576	0.8579360139664
577	0.8579360139664
578	0.8579360139664
579	0.8579360139664
580	0.8579360139664
581	0.8579360139664
582	0.8579360139664
583	0.8579360139664
584	0.8579360139664
585	0.8579360139664
586	0.8579360139664
587	0.8579360139664
588	0.8579360139664
589	0.8579360139664
590	0.8579360139664
591	0.8579360139664
592	0.8579360139664
593	0.8579360139664
594	0.8579360139664
595	0.8579360139664
596	0.8579360139664
597	0.8579360139664
598	0.8579360139664
599	0.8579360139664
600	0.8579360139664
601	0.8579360139664
602	0.8579360139664
603	0.8579360139664
604	0.8579360139664
605	0.8579360139664
606	0.8579360139664
607	0.8579360139664
608	0.8579360139664
609	0.8579360139664
610	0.8579360139664
611	0.8579360139664
612	0.8579360139664
613	0.8579360139664
614	0.8579360139664
615	0.8579360139664
616	0.8579360139664
617	0.8579360139664
618	0.8579360139664
619	0.8579360139664
620	0.8569384269352
621	0.8569384269352
622	0.8569384269352
623	0.8569384269352
624	0.8569384269352
625	0.8569384269352
626	0.8569384269352
627	0.8569384269352
628	0.8569384269352
629	0.8569384269352
630	0.8569384269352
631	0.8569384269352
632	0.8569384269352
633	0.8569384269352
634	0.8569384269352
635	0.8569384269352
636	0.8569384269352
637	0.8569384269352
638	0.8569384269352
639	0.855940780048
640	0.855940780048
641	0.855940780048
642	0.855940780048
643	0.855940780048
644	0.855940780048
645	0.855940780048
646	0.855940780048
647	0.855940780048
648	0.855940780048
649	0.855940780048
650	0.855940780048
651	0.855940780048
652	0.8549431930168
653	0.8549431930168
654	0.8549431930168
655	0.8549431930168
656	0.8549431930168
657	0.8549431930168
658	0.8549431930168
659	0.8549431930168
660	0.8549431930168
661	0.8549431930168
662	0.8549431930168
663	0.8539456059856
664	0.8539456059856
665	0.8539456059856
666	0.8539456059856
667	0.8539456059856
668	0.8539456059856
669	0.8539456059856
670	0.8539456059856
671	0.8539456059856
672	0.8529480189544
673	0.8529480189544
674	0.8529480189544
675	0.8529480189544
676	0.8529480189544
677	0.8529480189544
678	0.8529480189544
679	0.8529480189544
680	0.8519503720672
681	0.8519503720672
682	0.8519503720672
683	0.8519503720672
684	0.8519503720672
685	0.8519503720672
686	0.8519503720672
687	0.8519503720672
688	0.850952785036
689	0.850952785036
690	0.850952785036
691	0.850952785036
692	0.850952785036
693	0.850952785036
694	0.8499551980048
695	0.8499551980048
696	0.8499551980048
697	0.8499551980048
698	0.8499551980048
699	0.8499551980048
700	0.8499551980048
701	0.8489576109736
702	0.8489576109736
703	0.8489576109736
704	0.8489576109736
705	0.8489576109736
706	0.8479600239424
707	0.8479600239424
708	0.8479600239424
709	0.8479600239424
710	0.8479600239424
711	0.8479600239424
712	0.8469623770552
713	0.8469623770552
714	0.8469623770552
715	0.8469623770552
716	0.8469623770552
717	0.845964790024
718	0.845964790024
719	0.845964790024
720	0.845964790024
721	0.8449672029928
722	0.8449672029928
723	0.8449672029928
724	0.8449672029928
725	0.8449672029928
726	0.8439696159616
727	0.8439696159616
728	0.8439696159616
729	0.8439696159616
730	0.8429720289304
731	0.8429720289304
732	0.8429720289304
733	0.8429720289304
734	0.8419743820432
735	0.8419743820432
736	0.8419743820432
737	0.8419743820432
738	0.840976795012
739	0.840976795012
740	0.840976795012
741	0.8399792079808
742	0.8399792079808
743	0.8399792079808
744	0.8399792079808
745	0.8389816209496
746	0.8389816209496
747	0.8389816209496
748	0.8379839740624
749	0.8379839740624
750	0.8379839740624
751	0.8369863870312
752	0.8369863870312
753	0.8369863870312
754	0.8359888
755	0.8359888
756	0.8359888
757	0.8349912119712
758	0.8349912119712
759	0.8349912119712
760	0.83399362494
761	0.83399362494
762	0.83399362494
763	0.8329959790504
764	0.8329959790504
765	0.8329959790504
766	0.8319983910216
767	0.8319983910216
768	0.8310008039904
769	0.8310008039904
770	0.8310008039904
771	0.8300032169592
772	0.8300032169592
773	0.829005570072
774	0.829005570072
775	0.829005570072
776	0.8280079830408
777	0.8280079830408
778	0.8270103960096
779	0.8270103960096
780	0.8270103960096
781	0.8260128089784
782	0.8260128089784
783	0.8250152219472
784	0.8250152219472
785	0.8250152219472
786	0.82401757506
787	0.82401757506
788	0.8230199880288
789	0.8230199880288
790	0.8230199880288
791	0.8220224009976
792	0.8220224009976
793	0.8220224009976
794	0.8210248139664
795	0.8210248139664
796	0.8200272269352
797	0.8200272269352
798	0.8200272269352
799	0.819029580048
800	0.8193570331703
801	0.8193567680024
802	0.8183584526432
803	0.8183580440795
804	0.8183575404791
805	0.817358939411
806	0.8173581859233
807	0.8173572698233
808	0.8173561606842
809	0.816356844978
810	0.8163552404252
811	0.8163533202604
812	0.8163510306685
813	0.81634831006
814	0.8153470644016
815	0.8153432659341
816	0.8153387964178
817	0.8153335534876
818	0.8153274217596
819	0.8153202715778
820	0.8153119577096
821	0.8153023180024
822	0.8152911720208
823	0.8152783196884
824	0.8142656783138
825	0.8142487486961
826	0.8142293848322
827	0.8142072962083
828	0.8151799266744
829	0.8151513818951
830	0.8151190854928
831	0.8150826462724
832	0.8150416495443
833	0.8149956591011
834	0.8149442200809
835	0.8148868628405
836	0.8158204903718
837	0.8157497684128
838	0.8156716778393
839	0.8155857519314
840	0.8154915470089
841	0.8163854484921
842	0.8162733678355
843	0.8161519228286
844	0.8170172341238
845	0.8168762892055
846	0.8177215500666
847	0.8175609040052
848	0.8183863718929
849	0.8192021279053
850	0.8190135109447
851	0.8198116046021
852	0.8206017261057
853	0.8213846896465
854	0.8221614816649
855	0.8229330062285
856	0.8246940178414
857	0.8254582071419
858	0.8262206890314
859	0.8269825384422
860	0.8287374791575
861	0.8295014552554
862	0.8312601339252
863	0.8320304142625
864	0.8337968953556
865	0.8345771616937
866	0.8363545699993
867	0.838138357372
868	0.8389384240587
869	0.8407363634401
870	0.838950023688
871	0.840923998026
872	0.842897972364
873	0.843885018753
874	0.845858993091
875	0.847833026649
876	0.848820013818
877	0.850793989143
878	0.851780976312
879	0.85375500987
880	0.854741997039
881	0.855728984208
882	0.857703017766
883	0.858690004935
884	0.859676992104
885	0.860663979273
886	0.861651025662
887	0.862638012831
888	0.863625
889	0.864611987169
890	0.865598974338
891	0.866586020727
892	0.867573007896
893	0.868559995065
894	0.869546982234
895	0.870534028623
896	0.871521015792
897	0.872508002961
898	0.87349499013
899	0.87349499013
900	0.874481978286
901	0.875469023688
902	0.876456010857
903	0.877442999013
904	0.877442999013
905	0.878429986182
906	0.879416973351
907	0.88040401974
908	0.88040401974
909	0.881391006909
910	0.882377994078
911	0.883364981247
912	0.884352027636
913	0.885339014805
914	0.885339014805
915	0.886326001974
916	0.887312989143
917	0.888299976312
918	0.889287022701
919	0.889287022701
920	0.89027400987
921	0.891260997039
922	0.892247984208
923	0.893234971377
924	0.894222017766
925	0.894222017766
926	0.895209004935
927	0.896195992104
928	0.897182979273
929	0.898170025662
930	0.899157012831
931	0.899157012831
932	0.900144
933	0.901130988156
934	0.902117975325
935	0.903105020727
936	0.903105020727
937	0.904092008883
938	0.905078996052
939	0.905078996052
940	0.906065983221
941	0.90705302961
942	0.908040016779
943	0.908040016779
944	0.909027003948
945	0.910013991117
946	0.910013991117
947	0.911000978286
948	0.911000978286
949	0.911988024675
950	0.912975011844
951	0.912975011844
952	0.913961999013
953	0.914948986182
954	0.914948986182
955	0.915935973351
956	0.915935973351
957	0.91692301974
958	0.91692301974
959	0.917910006909
960	0.918896994078
961	0.918896994078
962	0.919883981247
963	0.919883981247
964	0.920871027636
965	0.920871027636
966	0.921858014805
967	0.921858014805
968	0.922845001974
969	0.922845001974
970	0.92383199013
971	0.92383199013
972	0.924818977299
973	0.924818977299
974	0.925806022701
975	0.925806022701
976	0.92679300987
977	0.92679300987
978	0.92679300987
979	0.927779998026
980	0.927779998026
981	0.928766985195
982	0.928766985195
983	0.929753972364
984	0.929753972364
985	0.929753972364
986	0.930741018753
987	0.930741018753
988	0.931728005922
989	0.931728005922
990	0.931728005922
991	0.932714993091
992	0.932714993091
993	0.93370198026
994	0.93370198026
995	0.93370198026
996	0.934689026649
997	0.934689026649
998	0.934689026649
999	0.935676013818
1000	0.935676013818
1001	0.935676013818
1002	0.936663000987
1003	0.936663000987
1004	0.936663000987
1005	0.937649988156
1006	0.937649988156
1007	0.937649988156
1008	0.938636975325
1009	0.938636975325
1010	0.938636975325
1011	0.939624021714
1012	0.939624021714
1013	0.939624021714
1014	0.940611008883
1015	0.940611008883
1016	0.940611008883
1017	0.940611008883
1018	0.941597996052
1019	0.941597996052
1020	0.941597996052
1021	0.942584983221
1022	0.942584983221
1023	0.942584983221
1024	0.942584983221
1025	0.94357197039
1026	0.94357197039
1027	0.94357197039
1028	0.94357197039
1029	0.944559016779
1030	0.944559016779
1031	0.944559016779
1032	0.944559016779
1033	0.945546003948
1034	0.945546003948
1035	0.945546003948
1036	0.945546003948
1037	0.946532991117
1038	0.946532991117
1039	0.946532991117
1040	0.946532991117
1041	0.947519979273
1042	0.947519979273
1043	0.947519979273
1044	0.947519979273
1045	0.948507024675
1046	0.948507024675
1047	0.948507024675
1048	0.948507024675
1049	0.948507024675
1050	0.949494011844
1051	0.949494011844
1052	0.949494011844
1053	0.949494011844
1054	0.949494011844
1055	0.950481
1056	0.950481
1057	0.950481
1058	0.950481
1059	0.950481
1060	0.951467987169
1061	0.951467987169
1062	0.951467987169
1063	0.951467987169
1064	0.951467987169
1065	0.952454974338
1066	0.952454974338
1067	0.952454974338
1068	0.952454974338
1069	0.952454974338
1070	0.952454974338
1071	0.953442020727
1072	0.953442020727
1073	0.953442020727
1074	0.953442020727
1075	0.953442020727
1076	0.953442020727
1077	0.954429007896
1078	0.954429007896
1079	0.954429007896
1080	0.954429007896
1081	0.954429007896
1082	0.954429007896
1083	0.955415995065
1084	0.955415995065
1085	0.955415995065
1086	0.955415995065
1087	0.955415995065
1088	0.955415995065
1089	0.955415995065
1090	0.956402982234
1091	0.956402982234
1092	0.956402982234
1093	0.956402982234
1094	0.956402982234
1095	0.956402982234
1096	0.957390028623
1097	0.957390028623
1098	0.957390028623
1099	0.957390028623
1100	0.957390028623
1101	0.957390028623
1102	0.957390028623
1103	0.957390028623
1104	0.958377015792
1105	0.958377015792
1106	0.958377015792
1107	0.958377015792
1108	0.958377015792
1109	0.958377015792
1110	0.958377015792
1111	0.958377015792
1112	0.959364002961
1113	0.959364002961
1114	0.959364002961
1115	0.959364002961
1116	0.959364002961
1117	0.959364002961
1118	0.959364002961
1119	0.959364002961
1120	0.96035099013
1121	0.96035099013
1122	0.96035099013
1123	0.96035099013
1124	0.96035099013
1125	0.96035099013
1126	0.96035099013
1127	0.96035099013
1128	0.96035099013
1129	0.961337977299
1130	0.961337977299
1131	0.961337977299
1132	0.961337977299
1133	0.961337977299
1134	0.961337977299
1135	0.961337977299
1136	0.961337977299
1137	0.961337977299
1138	0.961337977299
1139	0.962325023688
1140	0.962325023688
1141	0.962325023688
1142	0.962325023688
1143	0.962325023688
1144	0.962325023688
1145	0.962325023688
1146	0.962325023688
1147	0.962325023688
1148	0.962325023688
1149	0.963312010857
1150	0.963312010857
1151	0.963312010857
1152	0.963312010857
1153	0.963312010857
1154	0.963312010857
1155	0.963312010857
1156	0.963312010857
1157	0.963312010857
1158	0.963312010857
1159	0.963312010857
1160	0.964298998026
1161	0.964298998026
1162	0.964298998026
1163	0.964298998026
1164	0.964298998026
1165	0.964298998026
1166	0.964298998026
1167	0.964298998026
1168	0.964298998026
1169	0.964298998026
1170	0.964298998026
1171	0.964298998026
1172	0.965285985195
1173	0.965285985195
1174	0.965285985195
1175	0.965285985195
1176	0.965285985195
1177	0.965285985195
1178	0.965285985195
1179	0.965285985195
1180	0.965285985195
1181	0.965285985195
1182	0.965285985195
1183	0.965285985195
1184	0.965285985195
1185	0.965285985195
1186	0.966272972364
1187	0.966272972364
1188	0.966272972364
1189	0.966272972364
1190	0.966272972364
1191	0.966272972364
1192	0.966272972364
1193	0.966272972364
1194	0.966272972364
1195	0.966272972364
1196	0.966272972364
1197	0.966272972364
1198	0.966272972364
1199	0.966272972364
1200	0.966272972364
1201	0.966272972364
1202	0.966272972364
1203	0.966272972364
1204	0.967260018753
1205	0.967260018753
1206	0.967260018753
1207	0.967260018753
1208	0.967260018753
1209	0.967260018753
1210	0.967260018753
1211	0.967260018753
1212	0.967260018753
1213	0.967260018753
1214	0.967260018753
1215	0.967260018753
1216	0.967260018753
1217	0.967260018753
1218	0.967260018753
1219	0.967260018753
1220	0.967260018753
1221	0.968247005922
1222	0.968247005922
1223	0.968247005922
1224	0.968247005922
1225	0.968247005922
1226	0.968247005922
1227	0.968247005922
1228	0.968247005922
1229	0.968247005922
1230	0.968247005922
1231	0.968247005922
1232	0.968247005922
1233	0.968247005922
1234	0.968247005922
1235	0.968247005922
1236	0.968247005922
1237	0.968247005922
1238	0.968247005922
1239	0.969233993091
1240	0.969233993091
1241	0.969233993091
1242	0.969233993091
1243	0.969233993091
1244	0.969233993091
1245	0.969233993091
1246	0.969233993091
1247	0.969233993091
1248	0.969233993091
1249	0.969233993091
1250	0.969233993091
1251	0.969233993091
1252	0.969233993091
1253	0.969233993091
1254	0.969233993091
1255	0.969233993091
1256	0.969233993091
1257	0.969233993091
1258	0.969233993091
1259	0.97022098026
1260	0.97022098026
1261	0.97022098026
1262	0.97022098026
1263	0.97022098026
1264	0.97022098026
1265	0.97022098026
1266	0.97022098026
1267	0.97022098026
1268	0.97022098026
1269	0.97022098026
1270	0.97022098026
1271	0.97022098026
1272	0.97022098026
1273	0.97022098026
1274	0.97022098026
1275	0.97022098026
1276	0.97022098026
1277	0.97022098026
1278	0.97022098026
1279	0.97022098026
1280	0.97022098026
1281	0.971208026649
1282	0.971208026649
1283	0.971208026649
1284	0.971208026649
1285	0.971208026649
1286	0.971208026649
1287	0.971208026649
1288	0.971208026649
1289	0.971208026649
1290	0.971208026649
1291	0.971208026649
1292	0.971208026649
1293	0.971208026649
1294	0.971208026649
1295	0.971208026649
1296	0.971208026649
1297	0.971208026649
1298	0.971208026649
1299	0.971208026649
1300	0.971208026649
1301	0.971208026649
1302	0.971208026649
1303	0.971208026649
1304	0.971208026649
1305	0.971208026649
1306	0.972195013818
1307	0.972195013818
1308	0.972195013818
1309	0.972195013818
1310	0.972195013818
1311	0.972195013818
1312	0.972195013818
1313	0.972195013818
1314	0.972195013818
1315	0.972195013818
1316	0.972195013818
1317	0.972195013818
1318	0.972195013818
1319	0.972195013818
1320	0.972195013818
1321	0.972195013818
1322	0.972195013818
1323	0.972195013818
1324	0.972195013818
1325	0.972195013818
1326	0.972195013818
1327	0.972195013818
1328	0.972195013818
1329	0.972195013818
1330	0.972195013818
1331	0.972195013818
1332	0.972195013818
1333	0.972195013818
1334	0.973182000987
1335	0.973182000987
1336	0.973182000987
1337	0.973182000987
1338	0.973182000987
1339	0.973182000987
1340	0.973182000987
1341	0.973182000987
1342	0.973182000987
1343	0.973182000987
1344	0.973182000987
1345	0.973182000987
1346	0.973182000987
1347	0.973182000987
1348	0.973182000987
1349	0.973182000987
1350	0.973182000987
1351	0.973182000987
1352	0.973182000987
1353	0.973182000987
1354	0.973182000987
1355	0.973182000987
1356	0.973182000987
1357	0.973182000987
1358	0.973182000987
1359	0.973182000987
1360	0.974168989143
1361	0.974168989143
1362	0.974168989143
1363	0.974168989143
1364	0.974168989143
1365	0.974168989143
1366	0.974168989143
1367	0.974168989143
1368	0.974168989143
1369	0.974168989143
1370	0.974168989143
1371	0.974168989143
1372	0.974168989143
1373	0.974168989143
1374	0.974168989143
1375	0.974168989143
1376	0.974168989143
1377	0.974168989143
1378	0.974168989143
1379	0.974168989143
1380	0.974168989143
1381	0.974168989143
1382	0.974168989143
1383	0.974168989143
1384	0.974168989143
1385	0.974168989143
1386	0.974168989143
1387	0.974168989143
1388	0.974168989143
1389	0.974168989143
1390	0.974168989143
1391	0.974168989143
1392	0.974168989143
1393	0.974168989143
1394	0.974168989143
1395	0.974168989143
1396	0.974168989143
1397	0.974168989143
1398	0.974168989143
1399	0.975155976312
1400	0.975155976312
1401	0.975155976312
1402	0.975155976312
1403	0.975155976312
1404	0.975155976312
1405	0.975155976312
1406	0.975155976312
1407	0.975155976312
1408	0.975155976312
1409	0.975155976312
1410	0.975155976312
1411	0.975155976312
1412	0.975155976312
1413	0.975155976312
1414	0.975155976312
1415	0.975155976312
1416	0.975155976312
1417	0.975155976312
1418	0.975155976312
1419	0.975155976312
1420	0.975155976312
1421	0.975155976312
1422	0.975155976312
1423	0.975155976312
1424	0.975155976312
1425	0.975155976312
1426	0.975155976312
1427	0.975155976312
1428	0.975155976312
1429	0.975155976312
1430	0.975155976312
1431	0.975155976312
1432	0.975155976312
1433	0.975155976312
1434	0.975155976312
1435	0.975155976312
1436	0.975155976312
1437	0.975155976312
1438	0.975155976312
1439	0.975155976312
1440	0.975155976312
1441	0.975155976312
1442	0.975155976312
1443	0.975155976312
1444	0.976143021714
1445	0.976143021714
1446	0.976143021714
1447	0.976143021714
1448	0.976143021714
1449	0.976143021714
1450	0.976143021714
1451	0.976143021714
1452	0.976143021714
1453	0.976143021714
1454	0.976143021714
1455	0.976143021714
1456	0.976143021714
1457	0.976143021714
1458	0.976143021714
1459	0.976143021714
1460	0.976143021714
1461	0.976143021714
1462	0.976143021714
1463	0.976143021714
1464	0.976143021714
1465	0.976143021714
1466	0.976143021714
1467	0.976143021714
1468	0.976143021714
1469	0.976143021714
1470	0.976143021714
1471	0.976143021714
1472	0.976143021714
1473	0.976143021714
1474	0.976143021714
1475	0.976143021714
1476	0.976143021714
1477	0.976143021714
1478	0.976143021714
1479	0.976143021714
1480	0.976143021714
1481	0.976143021714
1482	0.976143021714
1483	0.976143021714
1484	0.976143021714
1485	0.976143021714
1486	0.976143021714
1487	0.976143021714
1488	0.976143021714
1489	0.976143021714
1490	0.976143021714
1491	0.976143021714
1492	0.976143021714
1493	0.976143021714
1494	0.976143021714
1495	0.976143021714
1496	0.976143021714
1497	0.976143021714
1498	0.976143021714
1499	0.976143021714
1500	0.976143021714
1501	0.976143021714
1502	0.97713000987
1503	0.97713000987
1504	0.97713000987
1505	0.97713000987
1506	0.97713000987
1507	0.97713000987
1508	0.97713000987
1509	0.97713000987
1510	0.97713000987
1511	0.97713000987
1512	0.97713000987
1513	0.97713000987
1514	0.97713000987
1515	0.97713000987
1516	0.97713000987
1517	0.97713000987
1518	0.97713000987
1519	0.97713000987
1520	0.97713000987
1521	0.97713000987
1522	0.97713000987
1523	0.97713000987
1524	0.97713000987
1525	0.97713000987
1526	0.97713000987
1527	0.97713000987
1528	0.97713000987
1529	0.97713000987
1530	0.97713000987
1531	0.97713000987
1532	0.97713000987
1533	0.97713000987
1534	0.97713000987
1535	0.97713000987
1536	0.97713000987
1537	0.97713000987
1538	0.97713000987
1539	0.97713000987
1540	0.97713000987
1541	0.97713000987
1542	0.97713000987
1543	0.97713000987
1544	0.97713000987
1545	0.97713000987
1546	0.97713000987
1547	0.97713000987
1548	0.97713000987
1549	0.97713000987
1550	0.97713000987
1551	0.97713000987
1552	0.97713000987
1553	0.97713000987
1554	0.97713000987
1555	0.97713000987
1556	0.97713000987
1557	0.97713000987
1558	0.97713000987
1559	0.97713000987
1560	0.97713000987
1561	0.97713000987
1562	0.978116997039
1563	0.978116997039
1564	0.978116997039
1565	0.978116997039
1566	0.978116997039
1567	0.978116997039
1568	0.978116997039
1569	0.978116997039
1570	0.978116997039
1571	0.978116997039
1572	0.978116997039
1573	0.978116997039
1574	0.978116997039
1575	0.978116997039
1576	0.978116997039
1577	0.978116997039
1578	0.978116997039
1579	0.978116997039
1580	0.978116997039
1581	0.978116997039
1582	0.978116997039
1583	0.978116997039
1584	0.978116997039
1585	0.978116997039
1586	0.978116997039
1587	0.978116997039
1588	0.978116997039
1589	0.978116997039
1590	0.978116997039
1591	0.978116997039
1592	0.978116997039
1593	0.978116997039
1594	0.978116997039
1595	0.978116997039
1596	0.978116997039
1597	0.978116997039
1598	0.978116997039
1599	0.978116997039
1600	0.978116997039
1601	0.978116997039
1602	0.978116997039
1603	0.978116997039
1604	0.978116997039
1605	0.978116997039
1606	0.978116997039
1607	0.978116997039
1608	0.978116997039
1609	0.978116997039
1610	0.978116997039
1611	0.978116997039
1612	0.978116997039
1613	0.978116997039
1614	0.978116997039
1615	0.978116997039
1616	0.978116997039
1617	0.978116997039
1618	0.978116997039
1619	0.978116997039
1620	0.978116997039
1621	0.978116997039
1622	0.978116997039
1623	0.978116997039
1624	0.978116997039
1625	0.978116997039
1626	0.978116997039
1627	0.978116997039
1628	0.978116997039
1629	0.978116997039
1630	0.978116997039
1631	0.978116997039
1632	0.978116997039
1633	0.978116997039
1634	0.978116997039
1635	0.978116997039
1636	0.978116997039
1637	0.979103984208
1638	0.979103984208
1639	0.979103984208
1640	0.979103984208
1641	0.979103984208
1642	0.979103984208
1643	0.979103984208
1644	0.979103984208
1645	0.979103984208
1646	0.979103984208
1647	0.979103984208
1648	0.979103984208
1649	0.979103984208
1650	0.979103984208
1651	0.979103984208
1652	0.979103984208
1653	0.979103984208
1654	0.979103984208
1655	0.979103984208
1656	0.979103984208
1657	0.979103984208
1658	0.979103984208
1659	0.979103984208
1660	0.979103984208
1661	0.979103984208
1662	0.979103984208
1663	0.979103984208
1664	0.979103984208
1665	0.979103984208
1666	0.979103984208
1667	0.979103984208
1668	0.979103984208
1669	0.979103984208
1670	0.979103984208
1671	0.979103984208
1672	0.979103984208
1673	0.979103984208
1674	0.979103984208
1675	0.979103984208
1676	0.979103984208
1677	0.979103984208
1678	0.979103984208
1679	0.979103984208
1680	0.979103984208
1681	0.979103984208
1682	0.979103984208
1683	0.979103984208
1684	0.979103984208
1685	0.979103984208
1686	0.979103984208
1687	0.979103984208
1688	0.979103984208
1689	0.979103984208
1690	0.979103984208
1691	0.979103984208
1692	0.979103984208
1693	0.979103984208
1694	0.979103984208
1695	0.979103984208
1696	0.979103984208
1697	0.979103984208
1698	0.979103984208
1699	0.979103984208
1700	0.979103984208
1701	0.979103984208
1702	0.979103984208
1703	0.979103984208
1704	0.979103984208
1705	0.979103984208
1706	0.979103984208
1707	0.979103984208
1708	0.979103984208
1709	0.979103984208
1710	0.979103984208
1711	0.979103984208
1712	0.979103984208
1713	0.979103984208
1714	0.979103984208
1715	0.979103984208
1716	0.979103984208
1717	0.979103984208
1718	0.979103984208
1719	0.979103984208
1720	0.979103984208
1721	0.979103984208
1722	0.979103984208
1723	0.979103984208
1724	0.979103984208
1725	0.979103984208
1726	0.979103984208
1727	0.979103984208
1728	0.979103984208
1729	0.979103984208
1730	0.979103984208
1731	0.979103984208
1732	0.979103984208
1733	0.979103984208
1734	0.979103984208
1735	0.979103984208
1736	0.979103984208
1737	0.979103984208
1738	0.979103984208
1739	0.979103984208
1740	0.979103984208
1741	0.979103984208
1742	0.979103984208
1743	0.979103984208
1744	0.979103984208
1745	0.979103984208
1746	0.979103984208
1747	0.979103984208
1748	0.979103984208
1749	0.979103984208
1750	0.979103984208
1751	0.979103984208
1752	0.979103984208
1753	0.979103984208
1754	0.979103984208
1755	0.979103984208
1756	0.979103984208
1757	0.979103984208
1758	0.979103984208
1759	0.979103984208
1760	0.979103984208
1761	0.979103984208
1762	0.979103984208
1763	0.979103984208
1764	0.979103984208
1765	0.979103984208
1766	0.979103984208
1767	0.979103984208
1768	0.979103984208
1769	0.979103984208
1770	0.979103984208
1771	0.979103984208
1772	0.979103984208
1773	0.979103984208
1774	0.979103984208
1775	0.979103984208
1776	0.979103984208
1777	0.979103984208
1778	0.979103984208
1779	0.979103984208
1780	0.979103984208
1781	0.979103984208
1782	0.979103984208
1783	0.979103984208
1784	0.979103984208
1785	0.979103984208
1786	0.979103984208
1787	0.979103984208
1788	0.979103984208
1789	0.980090971377
1790	0.980090971377
1791	0.980090971377
1792	0.980090971377
1793	0.980090971377
1794	0.980090971377
1795	0.980090971377
1796	0.980090971377
1797	0.980090971377
1798	0.980090971377
1799	0.980090971377
1800	0.980090971377
1801	0.980090971377
1802	0.980090971377
1803	0.980090971377
1804	0.980090971377
1805	0.980090971377
1806	0.980090971377
1807	0.980090971377
1808	0.980090971377
1809	0.980090971377
1810	0.980090971377
1811	0.980090971377
1812	0.980090971377
1813	0.980090971377
1814	0.980090971377
1815	0.980090971377
1816	0.980090971377
1817	0.980090971377
1818	0.980090971377
1819	0.980090971377
1820	0.980090971377
1821	0.980090971377
1822	0.980090971377
1823	0.980090971377
1824	0.980090971377
1825	0.980090971377
1826	0.980090971377
1827	0.980090971377
1828	0.980090971377
1829	0.980090971377
1830	0.980090971377
1831	0.980090971377
1832	0.980090971377
1833	0.980090971377
1834	0.980090971377
1835	0.980090971377
1836	0.980090971377
1837	0.980090971377
1838	0.980090971377
1839	0.980090971377
1840	0.980090971377
1841	0.980090971377
1842	0.980090971377
1843	0.980090971377
1844	0.980090971377
1845	0.980090971377
1846	0.980090971377
1847	0.980090971377
1848	0.980090971377
1849	0.980090971377
1850	0.980090971377
1851	0.980090971377
1852	0.980090971377
1853	0.980090971377
1854	0.980090971377
1855	0.980090971377
1856	0.980090971377
1857	0.980090971377
1858	0.980090971377
1859	0.980090971377
1860	0.980090971377
1861	0.980090971377
1862	0.980090971377
1863	0.980090971377
1864	0.980090971377
1865	0.980090971377
1866	0.980090971377
1867	0.980090971377
1868	0.980090971377
1869	0.980090971377
1870	0.980090971377
1871	0.980090971377
1872	0.980090971377
1873	0.980090971377
1874	0.980090971377
1875	0.980090971377
1876	0.980090971377
1877	0.980090971377
1878	0.980090971377
1879	0.980090971377
1880	0.980090971377
1881	0.980090971377
1882	0.980090971377
1883	0.980090971377
1884	0.980090971377
1885	0.980090971377
1886	0.980090971377
1887	0.980090971377
1888	0.980090971377
1889	0.980090971377
1890	0.980090971377
1891	0.980090971377
1892	0.980090971377
1893	0.980090971377
1894	0.980090971377
1895	0.980090971377
1896	0.980090971377
1897	0.980090971377
1898	0.981078017766
1899	0.981078017766
1900	0.981078017766
1901	0.981078017766
1902	0.981078017766
1903	0.981078017766
1904	0.981078017766
1905	0.981078017766
1906	0.981078017766
1907	0.981078017766
1908	0.981078017766
1909	0.981078017766
1910	0.981078017766
1911	0.981078017766
1912	0.981078017766
1913	0.981078017766
1914	0.981078017766
1915	0.981078017766
1916	0.981078017766
1917	0.981078017766
1918	0.981078017766
1919	0.981078017766
1920	0.981078017766
1921	0.981078017766
1922	0.981078017766
1923	0.981078017766
1924	0.981078017766
1925	0.981078017766
1926	0.981078017766
1927	0.981078017766
1928	0.981078017766
1929	0.981078017766
1930	0.981078017766
1931	0.981078017766
1932	0.981078017766
1933	0.981078017766
1934	0.981078017766
1935	0.981078017766
1936	0.981078017766
1937	0.981078017766
1938	0.981078017766
1939	0.981078017766
1940	0.981078017766
1941	0.981078017766
1942	0.981078017766
1943	0.981078017766
1944	0.981078017766
1945	0.981078017766
1946	0.981078017766
1947	0.981078017766
1948	0.981078017766
1949	0.981078017766
1950	0.981078017766
1951	0.981078017766
1952	0.981078017766
1953	0.981078017766
1954	0.981078017766
1955	0.981078017766
1956	0.981078017766
1957	0.981078017766
1958	0.981078017766
1959	0.981078017766
1960	0.981078017766
1961	0.981078017766
1962	0.981078017766
1963	0.981078017766
1964	0.981078017766
1965	0.981078017766
1966	0.981078017766
1967	0.981078017766
1968	0.981078017766
1969	0.981078017766
1970	0.981078017766
1971	0.981078017766
1972	0.981078017766
1973	0.981078017766
1974	0.981078017766
1975	0.981078017766
1976	0.981078017766
1977	0.981078017766
1978	0.981078017766
1979	0.981078017766
1980	0.981078017766
1981	0.981078017766
1982	0.981078017766
1983	0.981078017766
1984	0.981078017766
1985	0.981078017766
1986	0.981078017766
1987	0.981078017766
1988	0.981078017766
1989	0.981078017766
1990	0.981078017766
1991	0.981078017766
1992	0.981078017766
1993	0.981078017766
1994	0.981078017766
1995	0.981078017766
1996	0.981078017766
1997	0.981078017766
1998	0.981078017766
1999	0.981078017766
2000	0.981078017766
2001	0.981078017766
2002	0.981078017766
2003	0.981078017766
2004	0.981078017766
2005	0.981078017766
2006	0.981078017766
2007	0.981078017766
2008	0.981078017766
2009	0.981078017766
2010	0.981078017766
2011	0.981078017766
2012	0.981078017766
2013	0.981078017766
2014	0.981078017766
2015	0.981078017766
2016	0.981078017766
2017	0.981078017766
2018	0.981078017766
2019	0.981078017766
2020	0.981078017766
2021	0.981078017766
2022	0.981078017766
2023	0.981078017766
2024	0.981078017766
2025	0.981078017766
2026	0.981078017766
2027	0.981078017766
2028	0.981078017766
2029	0.981078017766
2030	0.981078017766
2031	0.981078017766
2032	0.981078017766
2033	0.981078017766
2034	0.981078017766
2035	0.981078017766
2036	0.981078017766
2037	0.981078017766
2038	0.981078017766
2039	0.981078017766
2040	0.981078017766
2041	0.981078017766
2042	0.981078017766
2043	0.981078017766
2044	0.981078017766
2045	0.981078017766
2046	0.981078017766
2047	0.981078017766
2048	0.981078017766
2049	0.981078017766
2050	0.981078017766
2051	0.981078017766
2052	0.981078017766
2053	0.981078017766
2054	0.981078017766
2055	0.981078017766
2056	0.981078017766
2057	0.981078017766
2058	0.981078017766
2059	0.981078017766
2060	0.981078017766
2061	0.981078017766
2062	0.981078017766
2063	0.981078017766
2064	0.981078017766
2065	0.981078017766
2066	0.981078017766
2067	0.981078017766
2068	0.981078017766
2069	0.981078017766
2070	0.981078017766
2071	0.981078017766
2072	0.981078017766
2073	0.981078017766
2074	0.981078017766
2075	0.981078017766
2076	0.981078017766
2077	0.981078017766
2078	0.981078017766
2079	0.981078017766
2080	0.981078017766
2081	0.981078017766
2082	0.981078017766
2083	0.982065004935
2084	0.982065004935
2085	0.982065004935
2086	0.982065004935
2087	0.982065004935
2088	0.982065004935
2089	0.982065004935
2090	0.982065004935
2091	0.982065004935
2092	0.982065004935
2093	0.982065004935
2094	0.982065004935
2095	0.982065004935
2096	0.982065004935
2097	0.982065004935
2098	0.982065004935
2099	0.982065004935
2100	0.982065004935
2101	0.982065004935
2102	0.982065004935
2103	0.982065004935
2104	0.982065004935
2105	0.982065004935
2106	0.982065004935
2107	0.982065004935
2108	0.982065004935
2109	0.982065004935
2110	0.982065004935
2111	0.982065004935
2112	0.982065004935
2113	0.982065004935
2114	0.982065004935
2115	0.982065004935
2116	0.982065004935
2117	0.982065004935
2118	0.982065004935
2119	0.982065004935
2120	0.982065004935
2121	0.982065004935
2122	0.982065004935
2123	0.982065004935
2124	0.982065004935
2125	0.982065004935
2126	0.982065004935
2127	0.982065004935
2128	0.982065004935
2129	0.982065004935
2130	0.982065004935
2131	0.982065004935
2132	0.982065004935
2133	0.982065004935
2134	0.982065004935
2135	0.982065004935
2136	0.982065004935
2137	0.982065004935
2138	0.982065004935
2139	0.982065004935
2140	0.982065004935
2141	0.982065004935
2142	0.982065004935
2143	0.982065004935
2144	0.982065004935
2145	0.982065004935
2146	0.982065004935
2147	0.982065004935
2148	0.982065004935
2149	0.982065004935
2150	0.982065004935
2151	0.982065004935
2152	0.982065004935
2153	0.982065004935
2154	0.982065004935
2155	0.982065004935
2156	0.982065004935
2157	0.982065004935
2158	0.982065004935
2159	0.982065004935
2160	0.982065004935
2161	0.982065004935
2162	0.982065004935
2163	0.982065004935
2164	0.982065004935
2165	0.982065004935
2166	0.982065004935
2167	0.982065004935
2168	0.982065004935
2169	0.982065004935
2170	0.982065004935
2171	0.982065004935
2172	0.982065004935
2173	0.982065004935
2174	0.982065004935
2175	0.982065004935
2176	0.982065004935
2177	0.982065004935
2178	0.982065004935
2179	0.982065004935
2180	0.982065004935
2181	0.982065004935
2182	0.982065004935
2183	0.982065004935
2184	0.982065004935
2185	0.982065004935
2186	0.982065004935
2187	0.982065004935
2188	0.982065004935
2189	0.982065004935
2190	0.982065004935
2191	0.982065004935
2192	0.982065004935
2193	0.982065004935
2194	0.982065004935
2195	0.982065004935
2196	0.982065004935
2197	0.982065004935
2198	0.982065004935
2199	0.982065004935
2200	0.982065004935
2201	0.982065004935
2202	0.982065004935
2203	0.982065004935
2204	0.982065004935
2205	0.982065004935
2206	0.982065004935
2207	0.982065004935
2208	0.982065004935
2209	0.982065004935
2210	0.982065004935
2211	0.982065004935
2212	0.982065004935
2213	0.982065004935
2214	0.982065004935
2215	0.982065004935
2216	0.982065004935
2217	0.982065004935
2218	0.982065004935
2219	0.982065004935
2220	0.982065004935
2221	0.982065004935
2222	0.982065004935
2223	0.982065004935
2224	0.982065004935
2225	0.982065004935
2226	0.982065004935
2227	0.982065004935
2228	0.982065004935
2229	0.982065004935
2230	0.982065004935
2231	0.982065004935
2232	0.982065004935
2233	0.982065004935
2234	0.982065004935
2235	0.982065004935
2236	0.982065004935
2237	0.982065004935
2238	0.982065004935
2239	0.982065004935
2240	0.982065004935
2241	0.982065004935
2242	0.982065004935
2243	0.982065004935
2244	0.982065004935
2245	0.982065004935
2246	0.982065004935
2247	0.982065004935
2248	0.982065004935
2249	0.982065004935
2250	0.982065004935
2251	0.982065004935
2252	0.982065004935
2253	0.982065004935
2254	0.982065004935
2255	0.982065004935
2256	0.982065004935
2257	0.982065004935
2258	0.982065004935
2259	0.982065004935
2260	0.982065004935
2261	0.982065004935
2262	0.983051992104
2263	0.983051992104
2264	0.983051992104
2265	0.983051992104
2266	0.983051992104
2267	0.983051992104
2268	0.983051992104
2269	0.983051992104
2270	0.983051992104
2271	0.983051992104
2272	0.983051992104
2273	0.983051992104
2274	0.983051992104
2275	0.983051992104
2276	0.983051992104
2277	0.983051992104
2278	0.983051992104
2279	0.983051992104
2280	0.983051992104
2281	0.983051992104
2282	0.983051992104
2283	0.983051992104
2284	0.983051992104
2285	0.983051992104
2286	0.983051992104
2287	0.983051992104
2288	0.983051992104
2289	0.983051992104
2290	0.983051992104
2291	0.983051992104
2292	0.983051992104
2293	0.983051992104
2294	0.983051992104
2295	0.983051992104
2296	0.983051992104
2297	0.983051992104
2298	0.983051992104
2299	0.983051992104
2300	0.983051992104
2301	0.983051992104
2302	0.983051992104
2303	0.983051992104
2304	0.983051992104
2305	0.983051992104
2306	0.983051992104
2307	0.983051992104
2308	0.983051992104
2309	0.983051992104
2310	0.983051992104
2311	0.983051992104
2312	0.983051992104
2313	0.983051992104
2314	0.983051992104
2315	0.983051992104
2316	0.983051992104
2317	0.983051992104
2318	0.983051992104
2319	0.983051992104
2320	0.983051992104
2321	0.983051992104
2322	0.983051992104
2323	0.983051992104
2324	0.983051992104
2325	0.983051992104
2326	0.983051992104
2327	0.983051992104
2328	0.983051992104
2329	0.983051992104
2330	0.983051992104
2331	0.983051992104
2332	0.983051992104
2333	0.983051992104
2334	0.983051992104
2335	0.983051992104
2336	0.983051992104
2337	0.983051992104
2338	0.983051992104
2339	0.983051992104
2340	0.983051992104
2341	0.983051992104
2342	0.983051992104
2343	0.983051992104
2344	0.983051992104
2345	0.983051992104
2346	0.983051992104
2347	0.983051992104
2348	0.983051992104
2349	0.983051992104
2350	0.983051992104
2351	0.983051992104
2352	0.983051992104
2353	0.983051992104
2354	0.983051992104
2355	0.983051992104
2356	0.983051992104
2357	0.983051992104
2358	0.983051992104
2359	0.983051992104
2360	0.983051992104
2361	0.983051992104
2362	0.983051992104
2363	0.983051992104
2364	0.983051992104
2365	0.983051992104
2366	0.983051992104
2367	0.983051992104
2368	0.983051992104
2369	0.983051992104
2370	0.983051992104
2371	0.983051992104
2372	0.983051992104
2373	0.983051992104
2374	0.983051992104
2375	0.983051992104
2376	0.983051992104
2377	0.983051992104
2378	0.983051992104
2379	0.983051992104
2380	0.983051992104
2381	0.983051992104
2382	0.983051992104
2383	0.983051992104
2384	0.983051992104
2385	0.983051992104
2386	0.983051992104
2387	0.983051992104
2388	0.983051992104
2389	0.983051992104
2390	0.983051992104
2391	0.983051992104
2392	0.983051992104
2393	0.983051992104
2394	0.983051992104
2395	0.983051992104
2396	0.983051992104
2397	0.983051992104
2398	0.983051992104
2399	0.983051992104
2400	0.983051992104
2401	0.983051992104
2402	0.983051992104
2403	0.983051992104
2404	0.983051992104
2405	0.983051992104
2406	0.983051992104
2407	0.983051992104
2408	0.983051992104
2409	0.983051992104
2410	0.983051992104
2411	0.983051992104
2412	0.983051992104
2413	0.983051992104
2414	0.983051992104
2415	0.983051992104
2416	0.983051992104
2417	0.983051992104
2418	0.983051992104
2419	0.983051992104
2420	0.983051992104
2421	0.983051992104
2422	0.983051992104
2423	0.983051992104
2424	0.983051992104
2425	0.983051992104
2426	0.983051992104
2427	0.983051992104
2428	0.983051992104
2429	0.983051992104
2430	0.983051992104
2431	0.983051992104
2432	0.983051992104
2433	0.983051992104
2434	0.983051992104
2435	0.983051992104
2436	0.983051992104
2437	0.983051992104
2438	0.983051992104
2439	0.983051992104
2440	0.983051992104
2441	0.983051992104
2442	0.983051992104
2443	0.983051992104
2444	0.983051992104
2445	0.983051992104
2446	0.983051992104
2447	0.983051992104
2448	0.983051992104
2449	0.983051992104
2450	0.983051992104
2451	0.983051992104
2452	0.983051992104
2453	0.983051992104
2454	0.983051992104
2455	0.983051992104
2456	0.983051992104
2457	0.983051992104
2458	0.983051992104
2459	0.983051992104
2460	0.983051992104
2461	0.983051992104
2462	0.983051992104
2463	0.983051992104
2464	0.983051992104
2465	0.983051992104
2466	0.983051992104
2467	0.983051992104
2468	0.983051992104
2469	0.983051992104
2470	0.983051992104
2471	0.983051992104
2472	0.983051992104
2473	0.983051992104
2474	0.983051992104
2475	0.983051992104
2476	0.983051992104
2477	0.983051992104
2478	0.983051992104
2479	0.983051992104
2480	0.983051992104
2481	0.983051992104
2482	0.983051992104
2483	0.983051992104
2484	0.983051992104
2485	0.983051992104
2486	0.983051992104
2487	0.983051992104
2488	0.983051992104
2489	0.983051992104
2490	0.983051992104
2491	0.983051992104
2492	0.983051992104
2493	0.983051992104
2494	0.983051992104
2495	0.983051992104
2496	0.983051992104
2497	0.983051992104
2498	0.983051992104
2499	0.983051992104
2500	0.983051992104
2501	0.983051992104
2502	0.983051992104
2503	0.983051992104
2504	0.983051992104
2505	0.983051992104
2506	0.983051992104
2507	0.983051992104
2508	0.983051992104
2509	0.983051992104
2510	0.983051992104
2511	0.983051992104
2512	0.983051992104
2513	0.983051992104
2514	0.983051992104
2515	0.983051992104
2516	0.983051992104
2517	0.983051992104
2518	0.983051992104
2519	0.983051992104
2520	0.983051992104
2521	0.983051992104
2522	0.983051992104
2523	0.983051992104
2524	0.983051992104
2525	0.983051992104
2526	0.983051992104
2527	0.983051992104
2528	0.983051992104
2529	0.983051992104
2530	0.983051992104
2531	0.983051992104
2532	0.983051992104
2533	0.983051992104
2534	0.983051992104
2535	0.983051992104
2536	0.983051992104
2537	0.984038979273
2538	0.984038979273
2539	0.984038979273
2540	0.984038979273
2541	0.984038979273
2542	0.984038979273
2543	0.984038979273
2544	0.984038979273
2545	0.984038979273
2546	0.984038979273
2547	0.984038979273
2548	0.984038979273
2549	0.984038979273
2550	0.984038979273
2551	0.984038979273
2552	0.984038979273
2553	0.984038979273
2554	0.984038979273
2555	0.984038979273
2556	0.984038979273
2557	0.984038979273
2558	0.984038979273
2559	0.984038979273
2560	0.984038979273
2561	0.984038979273
2562	0.984038979273
2563	0.984038979273
2564	0.984038979273
2565	0.984038979273
2566	0.984038979273
2567	0.984038979273
2568	0.984038979273
2569	0.984038979273
2570	0.984038979273
2571	0.984038979273
2572	0.984038979273
2573	0.984038979273
2574	0.984038979273
2575	0.984038979273
2576	0.984038979273
2577	0.984038979273
2578	0.984038979273
2579	0.984038979273
2580	0.984038979273
2581	0.984038979273
2582	0.984038979273
2583	0.984038979273
2584	0.984038979273
2585	0.984038979273
2586	0.984038979273
2587	0.984038979273
2588	0.984038979273
2589	0.984038979273
2590	0.984038979273
2591	0.984038979273
2592	0.984038979273
2593	0.984038979273
2594	0.984038979273
2595	0.984038979273
2596	0.984038979273
2597	0.984038979273
2598	0.984038979273
2599	0.984038979273
2600	0.984038979273
2601	0.984038979273
2602	0.984038979273
2603	0.984038979273
2604	0.984038979273
2605	0.984038979273
2606	0.984038979273
2607	0.984038979273
2608	0.984038979273
2609	0.984038979273
2610	0.984038979273
2611	0.984038979273
2612	0.984038979273
2613	0.984038979273
2614	0.984038979273
2615	0.984038979273
2616	0.984038979273
2617	0.984038979273
2618	0.984038979273
2619	0.985026025662
2620	0.985026025662
2621	0.985026025662
2622	0.985026025662
2623	0.985026025662
2624	0.985026025662
2625	0.985026025662
2626	0.985026025662
2627	0.985026025662
2628	0.985026025662
2629	0.985026025662
2630	0.985026025662
2631	0.985026025662
2632	0.985026025662
2633	0.985026025662
2634	0.985026025662
2635	0.985026025662
2636	0.985026025662
2637	0.985026025662
2638	0.985026025662
2639	0.985026025662
2640	0.985026025662
2641	0.985026025662
2642	0.985026025662
2643	0.985026025662
2644	0.985026025662
2645	0.985026025662
2646	0.985026025662
2647	0.985026025662
2648	0.985026025662
2649	0.985026025662
2650	0.985026025662
2651	0.985026025662
2652	0.985026025662
2653	0.985026025662
2654	0.985026025662
2655	0.985026025662
2656	0.985026025662
2657	0.985026025662
2658	0.985026025662
2659	0.985026025662
2660	0.985026025662
2661	0.985026025662
2662	0.984038979273
2663	0.984038979273
2664	0.984038979273
2665	0.984038979273
2666	0.985026025662
2667	0.985026025662
2668	0.985026025662
2669	0.985026025662
2670	0.985026025662
2671	0.985026025662
2672	0.985026025662
2673	0.985026025662
2674	0.985026025662
2675	0.985026025662
2676	0.985026025662
2677	0.985026025662
2678	0.985026025662
2679	0.985026025662
2680	0.985026025662
2681	0.985026025662
2682	0.985026025662
2683	0.985026025662
2684	0.985026025662
2685	0.985026025662
2686	0.985026025662
2687	0.985026025662
2688	0.985026025662
2689	0.985026025662
2690	0.985026025662
2691	0.985026025662
2692	0.985026025662
2693	0.985026025662
2694	0.985026025662
2695	0.985026025662
2696	0.985026025662
2697	0.985026025662
2698	0.985026025662
2699	0.985026025662
2700	0.985026025662
2701	0.985026025662
2702	0.985026025662
2703	0.985026025662
2704	0.985026025662
2705	0.985026025662
2706	0.984038979273
2707	0.984038979273
2708	0.984038979273
2709	0.985026025662
2710	0.985026025662
2711	0.985026025662
2712	0.985026025662
2713	0.985026025662
2714	0.985026025662
2715	0.985026025662
2716	0.985026025662
2717	0.985026025662
2718	0.985026025662
2719	0.985026025662
2720	0.985026025662
2721	0.985026025662
2722	0.985026025662
2723	0.985026025662
2724	0.985026025662
2725	0.985026025662
2726	0.985026025662
2727	0.985026025662
2728	0.985026025662
2729	0.985026025662
2730	0.985026025662
2731	0.985026025662
2732	0.985026025662
2733	0.985026025662
2734	0.985026025662
2735	0.985026025662
2736	0.985026025662
2737	0.985026025662
2738	0.985026025662
2739	0.985026025662
2740	0.985026025662
2741	0.985026025662
2742	0.985026025662
2743	0.985026025662
2744	0.985026025662
2745	0.985026025662
2746	0.985026025662
2747	0.985026025662
2748	0.985026025662
2749	0.985026025662
2750	0.985026025662
2751	0.985026025662
2752	0.985026025662
2753	0.985026025662
2754	0.985026025662
2755	0.985026025662
2756	0.985026025662
2757	0.985026025662
2758	0.985026025662
2759	0.985026025662
2760	0.985026025662
2761	0.985026025662
2762	0.985026025662
2763	0.985026025662
2764	0.985026025662
2765	0.985026025662
2766	0.985026025662
2767	0.985026025662
2768	0.985026025662
2769	0.985026025662
2770	0.986013012831
2771	0.986013012831
2772	0.986013012831
2773	0.986013012831
2774	0.986013012831
2775	0.986013012831
2776	0.986013012831
2777	0.986013012831
2778	0.986013012831
2779	0.986013012831
2780	0.986013012831
2781	0.986013012831
2782	0.986013012831
2783	0.986013012831
2784	0.986013012831
2785	0.987
2786	0.987
2787	0.987
2788	0.987
2789	0.987
2790	0.987
2791	0.987
2792	0.987
2793	0.987
2794	0.987
2795	0.987
2796	0.987
2797	0.987
2798	0.987
2799	0.987
2800	0.987
2801	0.987
2802	0.987
2803	0.987
2804	0.987
2805	0.987
2806	0.987
2807	0.987
2808	0.987
2809	0.987
2810	0.987
2811	0.987
2812	0.987
2813	0.987
2814	0.987
2815	0.987
2816	0.987
2817	0.987
2818	0.987
2819	0.987
2820	0.987
2821	0.987
2822	0.987
2823	0.987
2824	0.987
2825	0.987
2826	0.987
2827	0.987
2828	0.987
2829	0.987
2830	0.987
2831	0.987
2832	0.987
2833	0.987
2834	0.987
2835	0.987
2836	0.987
2837	0.987
2838	0.987
2839	0.987
2840	0.987
2841	0.987
2842	0.987
2843	0.987
2844	0.987
2845	0.987
2846	0.987
2847	0.987
2848	0.987
2849	0.987
2850	0.987
2851	0.987
2852	0.987
2853	0.987
2854	0.987
2855	0.987
2856	0.987
2857	0.987
2858	0.987
2859	0.987
2860	0.987
2861	0.987
2862	0.987
2863	0.987
2864	0.987
2865	0.987
2866	0.987
2867	0.987
2868	0.987
2869	0.987
2870	0.987
2871	0.987
2872	0.987
2873	0.987
2874	0.986013012831
2875	0.986013012831
2876	0.986013012831
2877	0.986013012831
2878	0.986013012831
2879	0.986013012831
2880	0.986013012831
2881	0.986013012831
2882	0.986013012831
2883	0.985026025662
2884	0.985026025662
2885	0.985026025662
2886	0.985026025662
2887	0.985026025662
2888	0.985026025662
2889	0.985026025662
2890	0.985026025662
2891	0.985026025662
2892	0.984038979273
2893	0.984038979273
2894	0.984038979273
2895	0.984038979273
2896	0.984038979273
2897	0.984038979273
2898	0.984038979273
2899	0.983051992104
2900	0.983051992104
2901	0.983051992104
2902	0.983051992104
2903	0.983051992104
2904	0.982065004935
2905	0.982065004935
2906	0.982065004935
2907	0.982065004935
2908	0.981078017766
2909	0.981078017766
2910	0.981078017766
2911	0.981078017766
2912	0.981078017766
2913	0.980090971377
2914	0.980090971377
2915	0.980090971377
2916	0.980090971377
2917	0.980090971377
2918	0.980090971377
2919	0.980090971377
2920	0.980090971377
2921	0.979103984208
2922	0.979103984208
2923	0.979103984208
2924	0.979103984208
2925	0.979103984208
2926	0.979103984208
2927	0.979103984208
2928	0.979103984208
2929	0.979103984208
2930	0.979103984208
2931	0.979103984208
2932	0.979103984208
2933	0.979103984208
2934	0.979103984208
2935	0.980090971377
2936	0.980090971377
2937	0.980090971377
2938	0.980090971377
2939	0.980090971377
2940	0.980090971377
2941	0.980090971377
2942	0.980090971377
2943	0.980090971377
2944	0.980090971377
2945	0.980090971377
2946	0.980090971377
2947	0.980090971377
2948	0.980090971377
2949	0.980090971377
2950	0.980090971377
2951	0.980090971377
2952	0.980090971377
2953	0.980090971377
2954	0.980090971377
2955	0.980090971377
2956	0.980090971377
2957	0.980090971377
2958	0.980090971377
2959	0.980090971377
2960	0.980090971377
2961	0.980090971377
2962	0.980090971377
2963	0.980090971377
2964	0.980090971377
2965	0.980090971377
2966	0.980090971377
2967	0.980090971377
2968	0.980090971377
2969	0.980090971377
2970	0.980090971377
2971	0.980090971377
2972	0.980090971377
2973	0.980090971377
2974	0.980090971377
2975	0.980090971377
2976	0.980090971377
2977	0.980090971377
2978	0.980090971377
2979	0.980090971377
2980	0.980090971377
2981	0.980090971377
2982	0.980090971377
2983	0.980090971377
2984	0.980090971377
2985	0.980090971377
2986	0.980090971377
2987	0.980090971377
2988	0.980090971377
2989	0.980090971377
2990	0.980090971377
2991	0.980090971377
2992	0.980090971377
2993	0.980090971377
2994	0.980090971377
2995	0.980090971377
2996	0.980090971377
2997	0.980090971377
2998	0.980090971377
2999	0.980090971377
3000	0.980090971377
3001	0.980090971377
3002	0.980090971377
3003	0.980090971377
3004	0.980090971377
3005	0.980090971377
3006	0.980090971377
3007	0.980090971377
3008	0.980090971377
3009	0.980090971377
3010	0.980090971377
3011	0.980090971377
3012	0.980090971377
3013	0.980090971377
3014	0.980090971377
3015	0.980090971377
3016	0.980090971377
3017	0.980090971377
3018	0.980090971377
3019	0.980090971377
3020	0.980090971377
3021	0.980090971377
3022	0.980090971377
3023	0.980090971377
3024	0.980090971377
3025	0.980090971377
3026	0.980090971377
3027	0.980090971377
3028	0.980090971377
3029	0.980090971377
3030	0.980090971377
3031	0.980090971377
3032	0.980090971377
3033	0.980090971377
3034	0.980090971377
3035	0.980090971377
3036	0.980090971377
3037	0.980090971377
3038	0.980090971377
3039	0.980090971377
3040	0.980090971377
3041	0.980090971377
3042	0.980090971377
3043	0.980090971377
3044	0.980090971377
3045	0.980090971377
3046	0.980090971377
3047	0.980090971377
3048	0.980090971377
3049	0.980090971377
3050	0.980090971377
3051	0.980090971377
3052	0.980090971377
3053	0.980090971377
3054	0.980090971377
3055	0.980090971377
3056	0.980090971377
3057	0.980090971377
3058	0.980090971377
3059	0.980090971377
3060	0.980090971377
3061	0.980090971377
3062	0.981078017766
3063	0.981078017766
3064	0.981078017766
3065	0.981078017766
3066	0.981078017766
3067	0.981078017766
3068	0.981078017766
3069	0.981078017766
3070	0.981078017766
3071	0.981078017766
3072	0.981078017766
3073	0.981078017766
3074	0.981078017766
3075	0.981078017766
3076	0.981078017766
3077	0.981078017766
3078	0.981078017766
3079	0.981078017766
3080	0.981078017766
3081	0.981078017766
3082	0.981078017766
3083	0.981078017766
3084	0.981078017766
3085	0.981078017766
3086	0.981078017766
3087	0.981078017766
3088	0.981078017766
3089	0.981078017766
3090	0.981078017766
3091	0.981078017766
3092	0.981078017766
3093	0.981078017766
3094	0.981078017766
3095	0.981078017766
3096	0.981078017766
3097	0.981078017766
3098	0.981078017766
3099	0.981078017766
3100	0.981078017766
3101	0.981078017766
3102	0.981078017766
3103	0.981078017766
3104	0.981078017766
3105	0.981078017766
3106	0.981078017766
3107	0.981078017766
3108	0.981078017766
3109	0.981078017766
3110	0.981078017766
3111	0.981078017766
3112	0.981078017766
3113	0.981078017766
3114	0.981078017766
3115	0.981078017766
3116	0.981078017766
3117	0.981078017766
3118	0.981078017766
3119	0.981078017766
3120	0.981078017766
3121	0.981078017766
3122	0.981078017766
3123	0.981078017766
3124	0.981078017766
3125	0.981078017766
3126	0.981078017766
3127	0.981078017766
3128	0.981078017766
3129	0.981078017766
3130	0.981078017766
3131	0.981078017766
3132	0.981078017766
3133	0.981078017766
3134	0.981078017766
3135	0.981078017766
3136	0.981078017766
3137	0.981078017766
3138	0.981078017766
3139	0.981078017766
3140	0.981078017766
3141	0.981078017766
3142	0.981078017766
3143	0.981078017766
3144	0.981078017766
3145	0.981078017766
3146	0.981078017766
3147	0.981078017766
3148	0.981078017766
3149	0.981078017766
3150	0.981078017766
3151	0.981078017766
3152	0.981078017766
3153	0.981078017766
3154	0.981078017766
3155	0.981078017766
3156	0.981078017766
3157	0.981078017766
3158	0.981078017766
3159	0.981078017766
3160	0.981078017766
3161	0.981078017766
3162	0.981078017766
3163	0.981078017766
3164	0.981078017766
3165	0.981078017766
3166	0.981078017766
3167	0.981078017766
3168	0.981078017766
3169	0.981078017766
3170	0.981078017766
3171	0.981078017766
3172	0.981078017766
3173	0.981078017766
3174	0.981078017766
3175	0.981078017766
3176	0.981078017766
3177	0.981078017766
3178	0.981078017766
3179	0.981078017766
3180	0.981078017766
3181	0.981078017766
3182	0.981078017766
3183	0.981078017766
3184	0.981078017766
3185	0.981078017766
3186	0.981078017766
3187	0.981078017766
3188	0.981078017766
3189	0.981078017766
3190	0.981078017766
3191	0.981078017766
3192	0.981078017766
3193	0.981078017766
3194	0.981078017766
3195	0.981078017766
3196	0.981078017766
3197	0.981078017766
3198	0.981078017766
3199	0.981078017766
3200	0.981078017766
