RIF06 before 5/Dic/1994 misura V-W corretta feb/2020
#####SCALEDA
190.
3200.
3011
190	0.8023483705131
191	0.8033119328071
192	0.8053118930134
193	0.8062699709677
194	0.8082640888964
195	0.8102551627558
196	0.8122432086362
197	0.8142280572765
198	0.8162097904132
199	0.8192265398545
200	0.821201667664
201	0.8242115329786
202	0.827217731402
203	0.8302203439777
204	0.8321815854606
205	0.8351769263581
206	0.8381685059917
207	0.8421933997481
208	0.8451772008482
209	0.8481571432164
210	0.8511331388412
211	0.8541052892095
212	0.8570735121395
213	0.8600377285169
214	0.8629980488448
215	0.864918522002
216	0.8678710818894
217	0.8697841584851
218	0.8727289545629
219	0.8746347208742
220	0.8765368547916
221	0.8784354371806
222	0.8803305520407
223	0.8822221003272
224	0.8830761387854
225	0.8849610420625
226	0.8868424759046
227	0.8876872192397
228	0.8885290166758
229	0.8904009173123
230	0.8912368766468
231	0.8920701734393
232	0.8929007463089
233	0.8937287159192
234	0.8945541473705
235	0.8953771069025
236	0.8961977247024
237	0.8970159472721
238	0.8978319086295
239	0.8986456826393
240	0.899457406608
241	0.8992369934675
242	0.9000449183768
243	0.9008509679913
244	0.9006259495654
245	0.9014287501465
246	0.9012011665259
247	0.9020010530838
248	0.9017712465847
249	0.9025686201675
250	0.9023369356455
251	0.9021045740212
252	0.9028987975004
253	0.9026650762447
254	0.9024309370011
255	0.9021964653342
256	0.9019617460928
257	0.9027527053216
258	0.9025174747899
259	0.9022822459081
260	0.9020470997448
261	0.901812116168
262	0.9015773737605
263	0.9013429497414
264	0.9011089198909
265	0.9008753584812
266	0.900642338211
267	0.9004099301456
268	0.9001782036621
269	0.8999472263985
270	0.8986946717388
271	0.8984656491957
272	0.8982375668518
273	0.8980104849129
274	0.8977844616678
275	0.8975595534656
276	0.8963149681205
277	0.8960927043511
278	0.8958717114275
279	0.8956520377466
280	0.8954337297194
281	0.8941971747267
282	0.893981974699
283	0.8937682659733
284	0.893556087023
285	0.8923268496506
286	0.8921180762444
287	0.8919109345935
288	0.8917054554853
289	0.890483985101
290	0.8902821467234
291	0.89008205025
292	0.8898837191988
293	0.888670403232
294	0.8884758892434
295	0.888283198898
296	0.8870762382384
297	0.8868874601939
298	0.8867005493016
299	0.8854999883103
300	0.8853170564701
301	0.885136021675
302	0.884956891789
303	0.8837650309164
304	0.8835899301652
305	0.8834167478567
306	0.8822314408154
307	0.8820622969301
308	0.8818950741075
309	0.881729771733
310	0.88156638815
311	0.8803918247724
312	0.8802324532317
313	0.8800749874733
314	0.8799194220826
315	0.8787533145757
316	0.8786017050214
317	0.8784519725302
318	0.8783041085569
319	0.8781581038642
320	0.8780139485572
321	0.8768602723844
322	0.8767199455586
323	0.8765814327392
324	0.876444721753
325	0.876309799934
326	0.8751660828965
327	0.8750348511293
328	0.8749053658562
329	0.8747776127503
330	0.8746515771349
331	0.8735174104315
332	0.873394906117
333	0.8732740714868
334	0.8731548907326
335	0.8720280682086
336	0.8719122808983
337	0.8717980968946
338	0.8716854996188
339	0.8705656592168
340	0.8704563118015
341	0.8703484987887
342	0.8692338243262
343	0.8691291503478
344	0.8690259577123
345	0.8679162085454
346	0.8678160432686
347	0.8677173059605
348	0.8676199793703
349	0.8665164820619
350	0.8664220350056
351	0.8663289454096
352	0.8662371961283
353	0.8651396357658
354	0.8650506195024
355	0.8649628909387
356	0.8648764331918
357	0.8647912294603
358	0.8637005716726
359	0.8636179222615
360	0.8635364756188
361	0.8634562153569
362	0.8633771252014
363	0.8632991889973
364	0.8622163170664
365	0.8621407289989
366	0.8620662458887
367	0.8619928521201
368	0.8619205322173
369	0.8618492708476
370	0.8607734893979
371	0.8607043804177
372	0.8606362836778
373	0.8605691844626
374	0.8605030682118
375	0.8604379205223
376	0.8603737271495
377	0.8603104740087
378	0.8592431974592
379	0.8591818549184
380	0.8591214102755
381	0.8590618501107
382	0.8590031611679
383	0.8589453303548
384	0.8588883447433
385	0.8588321915694
386	0.858776858233
387	0.8577179315106
388	0.8576642635498
389	0.8576113776917
390	0.8575592620027
391	0.857507904711
392	0.8574572942056
393	0.8574074190355
394	0.8573582679089
395	0.8573098296926
396	0.85726209341
397	0.857215048241
398	0.8571686835206
399	0.8571229887371
400	0.8570779535319
401	0.8570335676973
402	0.8569898211756
403	0.8569467040576
404	0.8569042065813
405	0.8558589804794
406	0.8558177419266
407	0.8557770939054
408	0.8557370272384
409	0.8556975328879
410	0.8556586019539
411	0.8556202256729
412	0.8555823954162
413	0.8555451026884
414	0.8555083391254
415	0.8554720964934
416	0.855436366687
417	0.8554011417274
418	0.8553664137609
419	0.8553321750575
420	0.8552984180088
421	0.8552651351269
422	0.8552323190424
423	0.8551999625031
424	0.8551680583718
425	0.8551365996255
426	0.8551055793533
427	0.8550749907547
428	0.8550448271384
429	0.8550150819206
430	0.8549857486231
431	0.8549568208724
432	0.8549282923976
433	0.8549001570289
434	0.8548724086966
435	0.8548450414289
436	0.8548180493511
437	0.8547914266835
438	0.8547651677402
439	0.855741292919
440	0.8557157147846
441	0.8556904842728
442	0.8556655960525
443	0.8556410448795
444	0.8556168255949
445	0.8555929331242
446	0.8555693624755
447	0.8555461087383
448	0.8555231670824
449	0.8555005327563
450	0.8554782010863
451	0.8554561674747
452	0.8554344273994
453	0.8554129764116
454	0.8553918101355
455	0.8553709242668
456	0.8553503145714
457	0.8553299768842
458	0.8553099071084
459	0.8552901012139
460	0.8552705552364
461	0.8552512652763
462	0.8552322274976
463	0.8552134381268
464	0.8551948934521
465	0.8561780146593
466	0.8561599273258
467	0.8561420741853
468	0.8561244517575
469	0.8561070566191
470	0.8560898854021
471	0.8560729347932
472	0.8560562015332
473	0.8560396824155
474	0.8560233742854
475	0.8560072740396
476	0.8559913786249
477	0.8559756850374
478	0.8559601903218
479	0.8569459836702
480	0.8569308603555
481	0.8569159275526
482	0.856901182489
483	0.856886622437
484	0.8568722447126
485	0.856858046675
486	0.8568440257258
487	0.8568301793082
488	0.8568165049065
489	0.856803000045
490	0.8567896622879
491	0.856776489238
492	0.8567634785365
493	0.8577514917456
494	0.8577387839862
495	0.8577262319035
496	0.8577138332826
497	0.8577015859437
498	0.8576894877418
499	0.8576775365657
500	0.8576657303375
501	0.8576540670122
502	0.8576425445772
503	0.8576311610514
504	0.8576199144849
505	0.8576088029586
506	0.8575978245832
507	0.8575869774995
508	0.8575762598769
509	0.8575656699139
510	0.8575552058367
511	0.8575448658994
512	0.8575346483834
513	0.8575245515965
514	0.8575145738731
515	0.8585052895045
516	0.8584955336434
517	0.8584858921353
518	0.8584763634133
519	0.8584669459348
520	0.8584576381811
521	0.8584484386567
522	0.858439345889
523	0.8584303584283
524	0.8584214748469
525	0.8584126937389
526	0.85840401372
527	0.858395433427
528	0.8583869515175
529	0.8583785666693
530	0.8593707561832
531	0.8593625520206
532	0.859354441181
533	0.8593464224195
534	0.8593384945097
535	0.8593306562436
536	0.8593229064318
537	0.8593152439024
538	0.8593076675013
539	0.8593001760916
540	0.8592927685533
541	0.8592854437835
542	0.8592782006953
543	0.8592710382184
544	0.8592639552982
545	0.8592569508958
546	0.8592500239878
547	0.8602434436197
548	0.8602366608032
549	0.8602299525873
550	0.8602233180065
551	0.8602167561095
552	0.8602102659591
553	0.8602038466317
554	0.8601974972173
555	0.8601912168193
556	0.8601850045541
557	0.8601788595508
558	0.8601727809515
559	0.8601667679106
560	0.8601608195949
561	0.8601549351829
562	0.8601491138655
563	0.8601433548448
564	0.8601376573348
565	0.8601320205606
566	0.8601264437584
567	0.8601209261755
568	0.8601154670699
569	0.8601100657102
570	0.8601047213755
571	0.8600994333552
572	0.8600942009486
573	0.8600890234653
574	0.8600839002244
575	0.8600788305548
576	0.8600738137948
577	0.8600688492922
578	0.8600639364037
579	0.8600590744954
580	0.8600542629421
581	0.8600495011274
582	0.8600447884435
583	0.8600401242912
584	0.8600355080795
585	0.8600309392259
586	0.8600264171557
587	0.8600219413025
588	0.8600175111074
589	0.8600131260195
590	0.8600087854955
591	0.8600044889994
592	0.8600002360028
593	0.8599960259845
594	0.8599918584305
595	0.8599877328336
596	0.859983648694
597	0.8599796055182
598	0.8599756028199
599	0.8599716401192
600	0.8599677169426
601	0.8599638328234
602	0.8599599873008
603	0.8599561799206
604	0.8599524102345
605	0.8599486778004
606	0.8599449821819
607	0.8599413229489
608	0.8599376996766
609	0.8599341119462
610	0.8599305593445
611	0.8599270414636
612	0.8599235579012
613	0.8599201082604
614	0.8599166921494
615	0.8599133091819
616	0.8599099589763
617	0.8599066411564
618	0.8599033553508
619	0.859900101193
620	0.8588970112451
621	0.8588938230143
622	0.8588906653251
623	0.8588875378303
624	0.8588844401872
625	0.8588813720576
626	0.8588783331077
627	0.8588753230083
628	0.858872341434
629	0.858869388064
630	0.8588664625815
631	0.8588635646738
632	0.8588606940324
633	0.8588578503524
634	0.8588550333332
635	0.858852242678
636	0.8588494780936
637	0.8588467392907
638	0.8588440259837
639	0.8578414756363
640	0.8578388155792
641	0.8578361801541
642	0.8578335690899
643	0.8578309821191
644	0.8578284189775
645	0.8578258794041
646	0.8578233631415
647	0.8578208699352
648	0.8578183995341
649	0.8578159516903
650	0.8578135261588
651	0.857811122698
652	0.8568089769552
653	0.8568066196728
654	0.8568042837285
655	0.8568019688928
656	0.8567996749387
657	0.8567974016423
658	0.8567951487823
659	0.8567929161401
660	0.8567907034999
661	0.8567885106486
662	0.8567863373756
663	0.8557844482894
664	0.8557823160425
665	0.8557802027355
666	0.8557781081682
667	0.8557760321429
668	0.8557739744642
669	0.8557719349391
670	0.8557699133771
671	0.8557679095899
672	0.8547662098488
673	0.8547642433551
674	0.8547622940648
675	0.8547603617985
676	0.8547584463794
677	0.8547565476324
678	0.8547546653849
679	0.8547527994661
680	0.8537511940302
681	0.8537493624098
682	0.8537475465995
683	0.8537457464369
684	0.8537439617615
685	0.8537421924144
686	0.853740438239
687	0.8537386990802
688	0.8527372957402
689	0.8527355881589
690	0.8527338951233
691	0.8527322164857
692	0.8527305521002
693	0.8527289018227
694	0.8517275982246
695	0.8517259776394
696	0.8517243707236
697	0.8517227773398
698	0.8517211973524
699	0.851719630627
700	0.851718077031
701	0.8507168821303
702	0.8507153561943
703	0.8507138429839
704	0.8507123423726
705	0.8507108542353
706	0.8497097329629
707	0.8497082711242
708	0.8497068213787
709	0.8497053836071
710	0.8497039576917
711	0.8497025435158
712	0.8487014456078
713	0.8487000562032
714	0.8486986781828
715	0.8486973114356
716	0.8486959558515
717	0.847694983994
718	0.847693651982
719	0.8476923307978
720	0.8476910203365
721	0.8466900993734
722	0.846688811568
723	0.8466875341654
724	0.8466862670652
725	0.8466850101684
726	0.8456841497364
727	0.8456829144136
728	0.8456816889916
729	0.8456804733759
730	0.8446796596032
731	0.8446784647342
732	0.8446772793824
733	0.8446761034574
734	0.8436752746121
735	0.843674118643
736	0.8436729718244
737	0.8436718340699
738	0.8426711084272
739	0.8426699898723
740	0.8426688801173
741	0.8416681861623
742	0.8416670950563
743	0.8416660124949
744	0.8416649383984
745	0.8406642848931
746	0.8406632287458
747	0.8406621808193
748	0.8396614970047
749	0.8396604665179
750	0.8396594440155
751	0.8386588490192
752	0.8386578434635
753	0.8386568456639
754	0.8376562787121
755	0.8376552973821
756	0.8376543235872
757	0.8366537829081
758	0.8366528251211
759	0.8366518746554
760	0.8356513615004
761	0.8356504265959
762	0.8356494988058
763	0.8346489524759
764	0.8346480398146
765	0.8346471340675
766	0.8336466708124
767	0.8336457797753
768	0.8326453342272
769	0.8326444576229
770	0.8326435876108
771	0.8316431660335
772	0.8316423100576
773	0.830641844468
774	0.8306410022657
775	0.8306401663506
776	0.8296397836361
777	0.8296389611186
778	0.8286385936585
779	0.8286377842897
780	0.828636980919
781	0.8276366353447
782	0.8276358447662
783	0.8266355137751
784	0.8266347357528
785	0.8266339634547
786	0.8256335934125
787	0.8256328333325
788	0.8246325372097
789	0.8246317891238
790	0.8246310465023
791	0.8236307703872
792	0.8236300394391
793	0.8236293138074
794	0.8226290571773
795	0.822628342908
796	0.8216280992725
797	0.8216273961596
798	0.8216266981243
799	0.8206264131586
800	0.8206257259845
801	0.8206250437519
802	0.8196248369198
803	0.8196241652622
804	0.8196234984141
805	0.8186233092755
806	0.8186226527249
807	0.8186220008559
808	0.8186213536284
809	0.8176211871167
810	0.8176205498335
811	0.817619917069
812	0.8176192887849
813	0.8176186649435
814	0.8166184654892
815	0.8166178511724
816	0.8166172411814
817	0.8166166354797
818	0.8166160340313
819	0.8166154368004
820	0.8166148437517
821	0.8166142548502
822	0.8166136700612
823	0.8166130893504
824	0.8156129999241
825	0.8156124279689
826	0.8159428650011
827	0.815942865001
828	0.8169427820015
829	0.8169427819933
830	0.8169427819211
831	0.8169427815012
832	0.8169427796628
833	0.8169427731104
834	0.8169427531282
835	0.816942699193
836	0.817942543952
837	0.8179422456496
838	0.8179416160628
839	0.8179403610225
840	0.8179379789551
841	0.8189335523754
842	0.818925953062
843	0.8189130751672
844	0.8198917486853
845	0.8198577997333
846	0.820804543163
847	0.8207236002066
848	0.8216024443564
849	0.822425392742
850	0.8221734575513
851	0.8228207090535
852	0.82334015022
853	0.8237028013922
854	0.8238823015595
855	0.8238601705857
856	0.8246260597293
857	0.8242072477166
858	0.8236369647377
859	0.8229724821983
860	0.823268229295
861	0.8226188211321
862	0.8230522850652
863	0.8226437049275
864	0.8233783230546
865	0.8233021831473
866	0.8243656542668
867	0.8255757105479
868	0.8259392728566
869	0.8273884705942
870	0.8279555911179
871	0.8295729515551
872	0.8312522175095
873	0.8320086853414
874	0.8337789965487
875	0.8355820573989
876	0.8364387981596
877	0.8382894464936
878	0.8391847773762
879	0.8410664162849
880	0.8419868752457
881	0.8429164608433
882	0.8448256826397
883	0.8457686741887
884	0.846716593054
885	0.8476685443563
886	0.848623863295
887	0.8495818473824
888	0.8505420790712
889	0.8515041707677
890	0.8524678059209
891	0.8534327836172
892	0.8543987743407
893	0.8553656611405
894	0.856333299319
895	0.8573016274269
896	0.8582704294343
897	0.8592396809736
898	0.8602093130824
899	0.8602072950861
900	0.8611775276447
901	0.8621480503236
902	0.8631187152729
903	0.8640895520159
904	0.864088568751
905	0.8650596777951
906	0.8660308950337
907	0.8670022638945
908	0.8670016927111
909	0.8679731541873
910	0.8689446760785
911	0.8699162504365
912	0.8708879287524
913	0.8718595885151
914	0.8718593231416
915	0.8728310481966
916	0.8738027997699
917	0.8747745745899
918	0.8757464281362
919	0.8757462825096
920	0.8767181116179
921	0.8776899546347
922	0.8786618099287
923	0.8796336760742
924	0.8806056101416
925	0.8806055362648
926	0.8815774281465
927	0.8825493267267
928	0.883521231264
929	0.8844931994232
930	0.8854651139914
931	0.8854650749829
932	0.8864369975762
933	0.8874089245073
934	0.8883808534795
935	0.889352842498
936	0.8893528189562
937	0.8903247562203
938	0.8912966944647
939	0.8912966768932
940	0.892268618493
941	0.8932406198349
942	0.8942125641432
943	0.8942125520996
944	0.8951844986278
945	0.8961564461031
946	0.8961564369567
947	0.8971283860751
948	0.8971283784353
949	0.8981003872216
950	0.8990723382688
951	0.8990723324016
952	0.90004428446
953	0.9010162369539
954	0.9010162324197
955	0.9019881856764
956	0.9019881818465
957	0.9029601940557
958	0.9029601908123
959	0.9039321452322
960	0.9049040998814
961	0.9049040973406
962	0.9058760523948
963	0.9058760502299
964	0.9068480639422
965	0.9068480620933
966	0.9078200177734
967	0.9078200161908
968	0.9087919721122
969	0.9087919707546
970	0.909763927852
971	0.9097639266849
972	0.9107358829832
973	0.9107358819778
974	0.9117078957693
975	0.9117078949014
976	0.9126798514717
977	0.9126798507211
978	0.9126798500228
979	0.9136518077196
980	0.913651807114
981	0.9146237639232
982	0.9146237633969
983	0.9155957202786
984	0.9155957198204
985	0.9155957193928
986	0.9165677346828
987	0.9165677343097
988	0.9175396913312
989	0.9175396910049
990	0.9175396906998
991	0.9185116477836
992	0.9185116475162
993	0.9194836046346
994	0.9194836043998
995	0.9194836041799
996	0.9204556196599
997	0.9204556194664
998	0.9204556192848
999	0.9214275764819
1000	0.9214275763218
1001	0.9214275761715
1002	0.9223995333972
1003	0.9223995332643
1004	0.9223995331394
1005	0.9233714903885
1006	0.9233714902779
1007	0.9233714901739
1008	0.9243434474421
1009	0.9243434473497
1010	0.9243434472627
1011	0.9253154628649
1012	0.9253154627876
1013	0.9253154627146
1014	0.9262874200116
1015	0.9262874199466
1016	0.9262874198853
1017	0.9262874198274
1018	0.9272593771382
1019	0.9272593770865
1020	0.9272593770377
1021	0.9282313343569
1022	0.9282313343132
1023	0.9282313342719
1024	0.9282313342328
1025	0.929203291561
1026	0.9292032915259
1027	0.9292032914928
1028	0.9292032914614
1029	0.9301753071148
1030	0.9301753070866
1031	0.9301753070599
1032	0.9301753070345
1033	0.9311472643754
1034	0.9311472643525
1035	0.9311472643309
1036	0.9311472643103
1037	0.9321192216556
1038	0.9321192216371
1039	0.9321192216195
1040	0.9321192216027
1041	0.9330911799236
1042	0.9330911799084
1043	0.9330911798941
1044	0.9330911798804
1045	0.9340631945783
1046	0.9340631945659
1047	0.9340631945542
1048	0.934063194543
1049	0.9340631945323
1050	0.9350351518868
1051	0.9350351518771
1052	0.9350351518679
1053	0.9350351518591
1054	0.9350351518507
1055	0.9360071101793
1056	0.9360071101717
1057	0.9360071101644
1058	0.9360071101575
1059	0.9360071101509
1060	0.9369790675091
1061	0.9369790675031
1062	0.9369790674974
1063	0.9369790674919
1064	0.9369790674867
1065	0.9379510248462
1066	0.9379510248414
1067	0.9379510248368
1068	0.9379510248325
1069	0.9379510248283
1070	0.9379510248243
1071	0.9389230405032
1072	0.9389230404995
1073	0.938923040496
1074	0.9389230404927
1075	0.9389230404895
1076	0.9389230404864
1077	0.939894997848
1078	0.9398949978452
1079	0.9398949978425
1080	0.9398949978399
1081	0.9398949978375
1082	0.9398949978351
1083	0.9408669551973
1084	0.9408669551951
1085	0.940866955193
1086	0.940866955191
1087	0.9408669551891
1088	0.9408669551873
1089	0.9408669551855
1090	0.9418389125483
1091	0.9418389125467
1092	0.9418389125451
1093	0.9418389125436
1094	0.9418389125422
1095	0.9418389125408
1096	0.9428109282221
1097	0.9428109282209
1098	0.9428109282197
1099	0.9428109282185
1100	0.9428109282174
1101	0.9428109282163
1102	0.9428109282153
1103	0.9428109282143
1104	0.9437828855777
1105	0.9437828855768
1106	0.9437828855759
1107	0.9437828855751
1108	0.9437828855742
1109	0.9437828855735
1110	0.9437828855727
1111	0.943782885572
1112	0.9447548429357
1113	0.944754842935
1114	0.9447548429344
1115	0.9447548429337
1116	0.9447548429331
1117	0.9447548429325
1118	0.944754842932
1119	0.9447548429314
1120	0.9457268002953
1121	0.9457268002948
1122	0.9457268002944
1123	0.9457268002939
1124	0.9457268002934
1125	0.945726800293
1126	0.9457268002926
1127	0.9457268002922
1128	0.9457268002918
1129	0.9466987576558
1130	0.9466987576555
1131	0.9466987576551
1132	0.9466987576548
1133	0.9466987576545
1134	0.9466987576542
1135	0.9466987576539
1136	0.9466987576536
1137	0.9466987576533
1138	0.946698757653
1139	0.9476707733354
1140	0.9476707733351
1141	0.9476707733349
1142	0.9476707733346
1143	0.9476707733344
1144	0.9476707733342
1145	0.947670773334
1146	0.9476707733338
1147	0.9476707733336
1148	0.9476707733334
1149	0.9486427306976
1150	0.9486427306974
1151	0.9486427306972
1152	0.9486427306971
1153	0.9486427306969
1154	0.9486427306967
1155	0.9486427306966
1156	0.9486427306964
1157	0.9486427306963
1158	0.9486427306962
1159	0.948642730696
1160	0.9496146880603
1161	0.9496146880602
1162	0.94961468806
1163	0.9496146880599
1164	0.9496146880598
1165	0.9496146880597
1166	0.9496146880596
1167	0.9496146880595
1168	0.9496146880594
1169	0.9496146880593
1170	0.9496146880592
1171	0.9496146880591
1172	0.9505866454234
1173	0.9505866454233
1174	0.9505866454233
1175	0.9505866454232
1176	0.9505866454231
1177	0.950586645423
1178	0.950586645423
1179	0.9505866454229
1180	0.9505866454228
1181	0.9505866454228
1182	0.9505866454227
1183	0.9505866454226
1184	0.9505866454226
1185	0.9505866454225
1186	0.9515586027868
1187	0.9515586027868
1188	0.9515586027867
1189	0.9515586027867
1190	0.9515586027866
1191	0.9515586027866
1192	0.9515586027865
1193	0.9515586027865
1194	0.9515586027865
1195	0.9515586027864
1196	0.9515586027864
1197	0.9515586027863
1198	0.9515586027863
1199	0.9515586027863
1200	0.9515586027862
1201	0.9515586027862
1202	0.9515586027861
1203	0.9515586027861
1204	0.9525306184687
1205	0.9525306184686
1206	0.9525306184686
1207	0.9525306184686
1208	0.9525306184685
1209	0.9525306184685
1210	0.9525306184685
1211	0.9525306184685
1212	0.9525306184684
1213	0.9525306184684
1214	0.9525306184684
1215	0.9525306184684
1216	0.9525306184683
1217	0.9525306184683
1218	0.9525306184683
1219	0.9525306184683
1220	0.9525306184682
1221	0.9535025758326
1222	0.9535025758326
1223	0.9535025758326
1224	0.9535025758326
1225	0.9535025758325
1226	0.9535025758325
1227	0.9535025758325
1228	0.9535025758325
1229	0.9535025758325
1230	0.9535025758325
1231	0.9535025758324
1232	0.9535025758324
1233	0.9535025758324
1234	0.9535025758324
1235	0.9535025758324
1236	0.9535025758324
1237	0.9535025758324
1238	0.9535025758323
1239	0.9544745331967
1240	0.9544745331967
1241	0.9544745331967
1242	0.9544745331967
1243	0.9544745331967
1244	0.9544745331967
1245	0.9544745331967
1246	0.9544745331966
1247	0.9544745331966
1248	0.9544745331966
1249	0.9544745331966
1250	0.9544745331966
1251	0.9544745331966
1252	0.9544745331966
1253	0.9544745331966
1254	0.9544745331966
1255	0.9544745331966
1256	0.9544745331966
1257	0.9544745331965
1258	0.9544745331965
1259	0.9554464905609
1260	0.9554464905609
1261	0.9554464905609
1262	0.9554464905609
1263	0.9554464905609
1264	0.9554464905609
1265	0.9554464905609
1266	0.9554464905609
1267	0.9554464905609
1268	0.9554464905609
1269	0.9554464905609
1270	0.9554464905608
1271	0.9554464905608
1272	0.9554464905608
1273	0.9554464905608
1274	0.9554464905608
1275	0.9554464905608
1276	0.9554464905608
1277	0.9554464905608
1278	0.9554464905608
1279	0.9554464905608
1280	0.9554464905608
1281	0.9564185062434
1282	0.9564185062434
1283	0.9564185062434
1284	0.9564185062434
1285	0.9564185062434
1286	0.9564185062434
1287	0.9564185062434
1288	0.9564185062434
1289	0.9564185062434
1290	0.9564185062434
1291	0.9564185062433
1292	0.9564185062433
1293	0.9564185062433
1294	0.9564185062433
1295	0.9564185062433
1296	0.9564185062433
1297	0.9564185062433
1298	0.9564185062433
1299	0.9564185062433
1300	0.9564185062433
1301	0.9564185062433
1302	0.9564185062433
1303	0.9564185062433
1304	0.9564185062433
1305	0.9564185062433
1306	0.9573904636077
1307	0.9573904636077
1308	0.9573904636077
1309	0.9573904636077
1310	0.9573904636077
1311	0.9573904636077
1312	0.9573904636077
1313	0.9573904636077
1314	0.9573904636077
1315	0.9573904636077
1316	0.9573904636077
1317	0.9573904636077
1318	0.9573904636077
1319	0.9573904636077
1320	0.9573904636077
1321	0.9573904636077
1322	0.9573904636077
1323	0.9573904636077
1324	0.9573904636077
1325	0.9573904636077
1326	0.9573904636077
1327	0.9573904636077
1328	0.9573904636077
1329	0.9573904636077
1330	0.9573904636077
1331	0.9573904636076
1332	0.9573904636076
1333	0.9573904636076
1334	0.958362420972
1335	0.958362420972
1336	0.958362420972
1337	0.958362420972
1338	0.958362420972
1339	0.958362420972
1340	0.958362420972
1341	0.958362420972
1342	0.958362420972
1343	0.958362420972
1344	0.958362420972
1345	0.958362420972
1346	0.958362420972
1347	0.958362420972
1348	0.958362420972
1349	0.958362420972
1350	0.958362420972
1351	0.958362420972
1352	0.958362420972
1353	0.958362420972
1354	0.958362420972
1355	0.958362420972
1356	0.958362420972
1357	0.958362420972
1358	0.958362420972
1359	0.958362420972
1360	0.9593343793084
1361	0.9593343793084
1362	0.9593343793084
1363	0.9593343793084
1364	0.9593343793084
1365	0.9593343793084
1366	0.9593343793084
1367	0.9593343793084
1368	0.9593343793084
1369	0.9593343793084
1370	0.9593343793084
1371	0.9593343793084
1372	0.9593343793084
1373	0.9593343793084
1374	0.9593343793084
1375	0.9593343793084
1376	0.9593343793084
1377	0.9593343793084
1378	0.9593343793084
1379	0.9593343793084
1380	0.9593343793084
1381	0.9593343793084
1382	0.9593343793084
1383	0.9593343793084
1384	0.9593343793084
1385	0.9593343793084
1386	0.9593343793084
1387	0.9593343793084
1388	0.9593343793084
1389	0.9593343793084
1390	0.9593343793084
1391	0.9593343793084
1392	0.9593343793084
1393	0.9593343793084
1394	0.9593343793084
1395	0.9593343793084
1396	0.9593343793084
1397	0.9593343793084
1398	0.9593343793083
1399	0.9603063366727
1400	0.9603063366727
1401	0.9603063366727
1402	0.9603063366727
1403	0.9603063366727
1404	0.9603063366727
1405	0.9603063366727
1406	0.9603063366727
1407	0.9603063366727
1408	0.9603063366727
1409	0.9603063366727
1410	0.9603063366727
1411	0.9603063366727
1412	0.9603063366727
1413	0.9603063366727
1414	0.9603063366727
1415	0.9603063366727
1416	0.9603063366727
1417	0.9603063366727
1418	0.9603063366727
1419	0.9603063366727
1420	0.9603063366727
1421	0.9603063366727
1422	0.9603063366727
1423	0.9603063366727
1424	0.9603063366727
1425	0.9603063366727
1426	0.9603063366727
1427	0.9603063366727
1428	0.9603063366727
1429	0.9603063366727
1430	0.9603063366727
1431	0.9603063366727
1432	0.9603063366727
1433	0.9603063366727
1434	0.9603063366727
1435	0.9603063366727
1436	0.9603063366727
1437	0.9603063366727
1438	0.9603063366727
1439	0.9603063366727
1440	0.9603063366727
1441	0.9603063366727
1442	0.9603063366727
1443	0.9603063366727
1444	0.9612783513833
1445	0.9612783513833
1446	0.9612783513833
1447	0.9612783513833
1448	0.9612783513833
1449	0.9612783513833
1450	0.9612783513833
1451	0.9612783513833
1452	0.9612783513833
1453	0.9612783513833
1454	0.9612783513833
1455	0.9612783513833
1456	0.9612783513833
1457	0.9612783513833
1458	0.9612783513833
1459	0.9612783513833
1460	0.9612783513833
1461	0.9612783513833
1462	0.9612783513833
1463	0.9612783513833
1464	0.9612783513833
1465	0.9612783513833
1466	0.9612783513833
1467	0.9612783513833
1468	0.9612783513833
1469	0.9612783513833
1470	0.9612783513833
1471	0.9612783513833
1472	0.9612783513833
1473	0.9612783513833
1474	0.9612783513833
1475	0.9612783513833
1476	0.9612783513833
1477	0.9612783513833
1478	0.9612783513833
1479	0.9612783513833
1480	0.9612783513833
1481	0.9612783513833
1482	0.9612783513833
1483	0.9612783513833
1484	0.9612783513833
1485	0.9612783513833
1486	0.9612783513833
1487	0.9612783513833
1488	0.9612783513833
1489	0.9612783513833
1490	0.9612783513833
1491	0.9612783513833
1492	0.9612783513833
1493	0.9612783513833
1494	0.9612783513833
1495	0.9612783513833
1496	0.9612783513833
1497	0.9612783513833
1498	0.9612783513833
1499	0.9612783513833
1500	0.9612783513833
1501	0.9612783513833
1502	0.9622503097197
1503	0.9622503097197
1504	0.9622503097197
1505	0.9622503097197
1506	0.9622503097197
1507	0.9622503097197
1508	0.9622503097197
1509	0.9622503097197
1510	0.9622503097197
1511	0.9622503097197
1512	0.9622503097197
1513	0.9622503097197
1514	0.9622503097197
1515	0.9622503097197
1516	0.9622503097197
1517	0.9622503097197
1518	0.9622503097197
1519	0.9622503097197
1520	0.9622503097197
1521	0.9622503097197
1522	0.9622503097197
1523	0.9622503097197
1524	0.9622503097197
1525	0.9622503097197
1526	0.9622503097197
1527	0.9622503097197
1528	0.9622503097197
1529	0.9622503097197
1530	0.9622503097197
1531	0.9622503097197
1532	0.9622503097197
1533	0.9622503097197
1534	0.9622503097197
1535	0.9622503097197
1536	0.9622503097197
1537	0.9622503097197
1538	0.9622503097197
1539	0.9622503097197
1540	0.9622503097197
1541	0.9622503097197
1542	0.9622503097197
1543	0.9622503097197
1544	0.9622503097197
1545	0.9622503097197
1546	0.9622503097197
1547	0.9622503097197
1548	0.9622503097197
1549	0.9622503097197
1550	0.9622503097197
1551	0.9622503097197
1552	0.9622503097197
1553	0.9622503097197
1554	0.9622503097197
1555	0.9622503097197
1556	0.9622503097197
1557	0.9622503097197
1558	0.9622503097197
1559	0.9622503097197
1560	0.9622503097197
1561	0.9622503097197
1562	0.9632222670841
1563	0.9632222670841
1564	0.9632222670841
1565	0.9632222670841
1566	0.9632222670841
1567	0.9632222670841
1568	0.9632222670841
1569	0.9632222670841
1570	0.9632222670841
1571	0.9632222670841
1572	0.9632222670841
1573	0.9632222670841
1574	0.9632222670841
1575	0.9632222670841
1576	0.9632222670841
1577	0.9632222670841
1578	0.9632222670841
1579	0.9632222670841
1580	0.9632222670841
1581	0.9632222670841
1582	0.9632222670841
1583	0.9632222670841
1584	0.9632222670841
1585	0.9632222670841
1586	0.9632222670841
1587	0.9632222670841
1588	0.9632222670841
1589	0.9632222670841
1590	0.9632222670841
1591	0.9632222670841
1592	0.9632222670841
1593	0.9632222670841
1594	0.9632222670841
1595	0.9632222670841
1596	0.9632222670841
1597	0.9632222670841
1598	0.9632222670841
1599	0.9632222670841
1600	0.9632222670841
1601	0.9632222670841
1602	0.9632222670841
1603	0.9632222670841
1604	0.9632222670841
1605	0.9632222670841
1606	0.9632222670841
1607	0.9632222670841
1608	0.9632222670841
1609	0.9632222670841
1610	0.9632222670841
1611	0.9632222670841
1612	0.9632222670841
1613	0.9632222670841
1614	0.9632222670841
1615	0.9632222670841
1616	0.9632222670841
1617	0.9632222670841
1618	0.9632222670841
1619	0.9632222670841
1620	0.9632222670841
1621	0.9632222670841
1622	0.9632222670841
1623	0.9632222670841
1624	0.9632222670841
1625	0.9632222670841
1626	0.9632222670841
1627	0.9632222670841
1628	0.9632222670841
1629	0.9632222670841
1630	0.9632222670841
1631	0.9632222670841
1632	0.9632222670841
1633	0.9632222670841
1634	0.9632222670841
1635	0.9632222670841
1636	0.9632222670841
1637	0.9641942244485
1638	0.9641942244485
1639	0.9641942244485
1640	0.9641942244485
1641	0.9641942244485
1642	0.9641942244485
1643	0.9641942244485
1644	0.9641942244485
1645	0.9641942244485
1646	0.9641942244485
1647	0.9641942244485
1648	0.9641942244485
1649	0.9641942244485
1650	0.9641942244485
1651	0.9641942244485
1652	0.9641942244485
1653	0.9641942244485
1654	0.9641942244485
1655	0.9641942244485
1656	0.9641942244485
1657	0.9641942244485
1658	0.9641942244485
1659	0.9641942244485
1660	0.9641942244485
1661	0.9641942244485
1662	0.9641942244485
1663	0.9641942244485
1664	0.9641942244485
1665	0.9641942244485
1666	0.9641942244485
1667	0.9641942244485
1668	0.9641942244485
1669	0.9641942244485
1670	0.9641942244485
1671	0.9641942244485
1672	0.9641942244485
1673	0.9641942244485
1674	0.9641942244485
1675	0.9641942244485
1676	0.9641942244485
1677	0.9641942244485
1678	0.9641942244485
1679	0.9641942244485
1680	0.9641942244485
1681	0.9641942244485
1682	0.9641942244485
1683	0.9641942244485
1684	0.9641942244485
1685	0.9641942244485
1686	0.9641942244485
1687	0.9641942244485
1688	0.9641942244485
1689	0.9641942244485
1690	0.9641942244485
1691	0.9641942244485
1692	0.9641942244485
1693	0.9641942244485
1694	0.9641942244485
1695	0.9641942244485
1696	0.9641942244485
1697	0.9641942244485
1698	0.9641942244485
1699	0.9641942244485
1700	0.9641942244485
1701	0.9641942244485
1702	0.9641942244485
1703	0.9641942244485
1704	0.9641942244485
1705	0.9641942244485
1706	0.9641942244485
1707	0.9641942244485
1708	0.9641942244485
1709	0.9641942244485
1710	0.9641942244485
1711	0.9641942244485
1712	0.9641942244485
1713	0.9641942244485
1714	0.9641942244485
1715	0.9641942244485
1716	0.9641942244485
1717	0.9641942244485
1718	0.9641942244485
1719	0.9641942244485
1720	0.9641942244485
1721	0.9641942244485
1722	0.9641942244485
1723	0.9641942244485
1724	0.9641942244485
1725	0.9641942244485
1726	0.9641942244485
1727	0.9641942244485
1728	0.9641942244485
1729	0.9641942244485
1730	0.9641942244485
1731	0.9641942244485
1732	0.9641942244485
1733	0.9641942244485
1734	0.9641942244485
1735	0.9641942244485
1736	0.9641942244485
1737	0.9641942244485
1738	0.9641942244485
1739	0.9641942244485
1740	0.9641942244485
1741	0.9641942244485
1742	0.9641942244485
1743	0.9641942244485
1744	0.9641942244485
1745	0.9641942244485
1746	0.9641942244485
1747	0.9641942244485
1748	0.9641942244485
1749	0.9641942244485
1750	0.9641942244485
1751	0.9641942244485
1752	0.9641942244485
1753	0.9641942244485
1754	0.9641942244485
1755	0.9641942244485
1756	0.9641942244485
1757	0.9641942244485
1758	0.9641942244485
1759	0.9641942244485
1760	0.9641942244485
1761	0.9641942244485
1762	0.9641942244485
1763	0.9641942244485
1764	0.9641942244485
1765	0.9641942244485
1766	0.9641942244485
1767	0.9641942244485
1768	0.9641942244485
1769	0.9641942244485
1770	0.9641942244485
1771	0.9641942244485
1772	0.9641942244485
1773	0.9641942244485
1774	0.9641942244485
1775	0.9641942244485
1776	0.9641942244485
1777	0.9641942244485
1778	0.9641942244485
1779	0.9641942244485
1780	0.9641942244485
1781	0.9641942244485
1782	0.9641942244485
1783	0.9641942244485
1784	0.9641942244485
1785	0.9641942244485
1786	0.9641942244485
1787	0.9641942244485
1788	0.9641942244485
1789	0.9651661818129
1790	0.9651661818129
1791	0.9651661818129
1792	0.9651661818129
1793	0.9651661818129
1794	0.9651661818129
1795	0.9651661818129
1796	0.9651661818129
1797	0.9651661818129
1798	0.9651661818129
1799	0.9651661818129
1800	0.9651661818129
1801	0.9651661818129
1802	0.9651661818129
1803	0.9651661818129
1804	0.9651661818129
1805	0.9651661818129
1806	0.9651661818129
1807	0.9651661818129
1808	0.9651661818129
1809	0.9651661818129
1810	0.9651661818129
1811	0.9651661818129
1812	0.9651661818129
1813	0.9651661818129
1814	0.9651661818129
1815	0.9651661818129
1816	0.9651661818129
1817	0.9651661818129
1818	0.9651661818129
1819	0.9651661818129
1820	0.9651661818129
1821	0.9651661818129
1822	0.9651661818129
1823	0.9651661818129
1824	0.9651661818129
1825	0.9651661818129
1826	0.9651661818129
1827	0.9651661818129
1828	0.9651661818129
1829	0.9651661818129
1830	0.9651661818129
1831	0.9651661818129
1832	0.9651661818129
1833	0.9651661818129
1834	0.9651661818129
1835	0.9651661818129
1836	0.9651661818129
1837	0.9651661818129
1838	0.9651661818129
1839	0.9651661818129
1840	0.9651661818129
1841	0.9651661818129
1842	0.9651661818129
1843	0.9651661818129
1844	0.9651661818129
1845	0.9651661818129
1846	0.9651661818129
1847	0.9651661818129
1848	0.9651661818129
1849	0.9651661818129
1850	0.9651661818129
1851	0.9651661818129
1852	0.9651661818129
1853	0.9651661818129
1854	0.9651661818129
1855	0.9651661818129
1856	0.9651661818129
1857	0.9651661818129
1858	0.9651661818129
1859	0.9651661818129
1860	0.9651661818129
1861	0.9651661818129
1862	0.9651661818129
1863	0.9651661818129
1864	0.9651661818129
1865	0.9651661818129
1866	0.9651661818129
1867	0.9651661818129
1868	0.9651661818129
1869	0.9651661818129
1870	0.9651661818129
1871	0.9651661818129
1872	0.9651661818129
1873	0.9651661818129
1874	0.9651661818129
1875	0.9651661818129
1876	0.9651661818129
1877	0.9651661818129
1878	0.9651661818129
1879	0.9651661818129
1880	0.9651661818129
1881	0.9651661818129
1882	0.9651661818129
1883	0.9651661818129
1884	0.9651661818129
1885	0.9651661818129
1886	0.9651661818129
1887	0.9651661818129
1888	0.9651661818129
1889	0.9651661818129
1890	0.9651661818129
1891	0.9651661818129
1892	0.9651661818129
1893	0.9651661818129
1894	0.9651661818129
1895	0.9651661818129
1896	0.9651661818129
1897	0.9651661818129
1898	0.9661381974955
1899	0.9661381974955
1900	0.9661381974955
1901	0.9661381974955
1902	0.9661381974955
1903	0.9661381974955
1904	0.9661381974955
1905	0.9661381974955
1906	0.9661381974955
1907	0.9661381974955
1908	0.9661381974955
1909	0.9661381974955
1910	0.9661381974955
1911	0.9661381974955
1912	0.9661381974955
1913	0.9661381974955
1914	0.9661381974955
1915	0.9661381974955
1916	0.9661381974955
1917	0.9661381974955
1918	0.9661381974955
1919	0.9661381974955
1920	0.9661381974955
1921	0.9661381974955
1922	0.9661381974955
1923	0.9661381974955
1924	0.9661381974955
1925	0.9661381974955
1926	0.9661381974955
1927	0.9661381974955
1928	0.9661381974955
1929	0.9661381974955
1930	0.9661381974955
1931	0.9661381974955
1932	0.9661381974955
1933	0.9661381974955
1934	0.9661381974955
1935	0.9661381974955
1936	0.9661381974955
1937	0.9661381974955
1938	0.9661381974955
1939	0.9661381974955
1940	0.9661381974955
1941	0.9661381974955
1942	0.9661381974955
1943	0.9661381974955
1944	0.9661381974955
1945	0.9661381974955
1946	0.9661381974955
1947	0.9661381974955
1948	0.9661381974955
1949	0.9661381974955
1950	0.9661381974955
1951	0.9661381974955
1952	0.9661381974955
1953	0.9661381974955
1954	0.9661381974955
1955	0.9661381974955
1956	0.9661381974955
1957	0.9661381974955
1958	0.9661381974955
1959	0.9661381974955
1960	0.9661381974955
1961	0.9661381974955
1962	0.9661381974955
1963	0.9661381974955
1964	0.9661381974955
1965	0.9661381974955
1966	0.9661381974955
1967	0.9661381974955
1968	0.9661381974955
1969	0.9661381974955
1970	0.9661381974955
1971	0.9661381974955
1972	0.9661381974955
1973	0.9661381974955
1974	0.9661381974955
1975	0.9661381974955
1976	0.9661381974955
1977	0.9661381974955
1978	0.9661381974955
1979	0.9661381974955
1980	0.9661381974955
1981	0.9661381974955
1982	0.9661381974955
1983	0.9661381974955
1984	0.9661381974955
1985	0.9661381974955
1986	0.9661381974955
1987	0.9661381974955
1988	0.9661381974955
1989	0.9661381974955
1990	0.9661381974955
1991	0.9661381974955
1992	0.9661381974955
1993	0.9661381974955
1994	0.9661381974955
1995	0.9661381974955
1996	0.9661381974955
1997	0.9661381974955
1998	0.9661381974955
1999	0.9661381974955
2000	0.9661381974955
2001	0.9661381974955
2002	0.9661381974955
2003	0.9661381974955
2004	0.9661381974955
2005	0.9661381974955
2006	0.9661381974955
2007	0.9661381974955
2008	0.9661381974955
2009	0.9661381974955
2010	0.9661381974955
2011	0.9661381974955
2012	0.9661381974955
2013	0.9661381974955
2014	0.9661381974955
2015	0.9661381974955
2016	0.9661381974955
2017	0.9661381974955
2018	0.9661381974955
2019	0.9661381974955
2020	0.9661381974955
2021	0.9661381974955
2022	0.9661381974955
2023	0.9661381974955
2024	0.9661381974955
2025	0.9661381974955
2026	0.9661381974955
2027	0.9661381974955
2028	0.9661381974955
2029	0.9661381974955
2030	0.9661381974955
2031	0.9661381974955
2032	0.9661381974955
2033	0.9661381974955
2034	0.9661381974955
2035	0.9661381974955
2036	0.9661381974955
2037	0.9661381974955
2038	0.9661381974955
2039	0.9661381974955
2040	0.9661381974955
2041	0.9661381974955
2042	0.9661381974955
2043	0.9661381974955
2044	0.9661381974955
2045	0.9661381974955
2046	0.9661381974955
2047	0.9661381974955
2048	0.9661381974955
2049	0.9661381974955
2050	0.9661381974955
2051	0.9661381974955
2052	0.9661381974955
2053	0.9661381974955
2054	0.9661381974955
2055	0.9661381974955
2056	0.9661381974955
2057	0.9661381974955
2058	0.9661381974955
2059	0.9661381974955
2060	0.9661381974955
2061	0.9661381974955
2062	0.9661381974955
2063	0.9661381974955
2064	0.9661381974955
2065	0.9661381974955
2066	0.9661381974955
2067	0.9661381974955
2068	0.9661381974955
2069	0.9661381974955
2070	0.9661381974955
2071	0.9661381974955
2072	0.9661381974955
2073	0.9661381974955
2074	0.9661381974955
2075	0.9661381974955
2076	0.9661381974955
2077	0.9661381974955
2078	0.9661381974955
2079	0.9661381974955
2080	0.9661381974955
2081	0.9661381974955
2082	0.9661381974955
2083	0.9671101548598
2084	0.9671101548598
2085	0.9671101548598
2086	0.9671101548598
2087	0.9671101548598
2088	0.9671101548598
2089	0.9671101548598
2090	0.9671101548598
2091	0.9671101548598
2092	0.9671101548598
2093	0.9671101548598
2094	0.9671101548598
2095	0.9671101548598
2096	0.9671101548598
2097	0.9671101548598
2098	0.9671101548598
2099	0.9671101548598
2100	0.9671101548598
2101	0.9671101548598
2102	0.9671101548598
2103	0.9671101548598
2104	0.9671101548598
2105	0.9671101548598
2106	0.9671101548598
2107	0.9671101548598
2108	0.9671101548598
2109	0.9671101548598
2110	0.9671101548598
2111	0.9671101548598
2112	0.9671101548598
2113	0.9671101548598
2114	0.9671101548598
2115	0.9671101548598
2116	0.9671101548598
2117	0.9671101548598
2118	0.9671101548598
2119	0.9671101548598
2120	0.9671101548598
2121	0.9671101548598
2122	0.9671101548598
2123	0.9671101548598
2124	0.9671101548598
2125	0.9671101548598
2126	0.9671101548598
2127	0.9671101548598
2128	0.9671101548598
2129	0.9671101548598
2130	0.9671101548598
2131	0.9671101548598
2132	0.9671101548598
2133	0.9671101548598
2134	0.9671101548598
2135	0.9671101548598
2136	0.9671101548598
2137	0.9671101548598
2138	0.9671101548598
2139	0.9671101548598
2140	0.9671101548598
2141	0.9671101548598
2142	0.9671101548598
2143	0.9671101548598
2144	0.9671101548598
2145	0.9671101548598
2146	0.9671101548598
2147	0.9671101548598
2148	0.9671101548598
2149	0.9671101548598
2150	0.9671101548598
2151	0.9671101548598
2152	0.9671101548598
2153	0.9671101548598
2154	0.9671101548598
2155	0.9671101548598
2156	0.9671101548598
2157	0.9671101548598
2158	0.9671101548598
2159	0.9671101548598
2160	0.9671101548598
2161	0.9671101548598
2162	0.9671101548598
2163	0.9671101548598
2164	0.9671101548598
2165	0.9671101548598
2166	0.9671101548598
2167	0.9671101548598
2168	0.9671101548598
2169	0.9671101548598
2170	0.9671101548598
2171	0.9671101548598
2172	0.9671101548598
2173	0.9671101548598
2174	0.9671101548598
2175	0.9671101548598
2176	0.9671101548598
2177	0.9671101548598
2178	0.9671101548598
2179	0.9671101548598
2180	0.9671101548598
2181	0.9671101548598
2182	0.9671101548598
2183	0.9671101548598
2184	0.9671101548598
2185	0.9671101548598
2186	0.9671101548598
2187	0.9671101548598
2188	0.9671101548598
2189	0.9671101548598
2190	0.9671101548598
2191	0.9671101548598
2192	0.9671101548598
2193	0.9671101548598
2194	0.9671101548598
2195	0.9671101548598
2196	0.9671101548598
2197	0.9671101548598
2198	0.9671101548598
2199	0.9671101548598
2200	0.9671101548598
2201	0.9671101548598
2202	0.9671101548598
2203	0.9671101548598
2204	0.9671101548598
2205	0.9671101548598
2206	0.9671101548598
2207	0.9671101548598
2208	0.9671101548598
2209	0.9671101548598
2210	0.9671101548598
2211	0.9671101548598
2212	0.9671101548598
2213	0.9671101548598
2214	0.9671101548598
2215	0.9671101548598
2216	0.9671101548598
2217	0.9671101548598
2218	0.9671101548598
2219	0.9671101548598
2220	0.9671101548598
2221	0.9671101548598
2222	0.9671101548598
2223	0.9671101548598
2224	0.9671101548598
2225	0.9671101548598
2226	0.9671101548598
2227	0.9671101548598
2228	0.9671101548598
2229	0.9671101548598
2230	0.9671101548598
2231	0.9671101548598
2232	0.9671101548598
2233	0.9671101548598
2234	0.9671101548598
2235	0.9671101548598
2236	0.9671101548598
2237	0.9671101548598
2238	0.9671101548598
2239	0.9671101548598
2240	0.9671101548598
2241	0.9671101548598
2242	0.9671101548598
2243	0.9671101548598
2244	0.9671101548598
2245	0.9671101548598
2246	0.9671101548598
2247	0.9671101548598
2248	0.9671101548598
2249	0.9671101548598
2250	0.9671101548598
2251	0.9671101548598
2252	0.9671101548598
2253	0.9671101548598
2254	0.9671101548598
2255	0.9671101548598
2256	0.9671101548598
2257	0.9671101548598
2258	0.9671101548598
2259	0.9671101548598
2260	0.9671101548598
2261	0.9671101548598
2262	0.9680821122242
2263	0.9680821122242
2264	0.9680821122242
2265	0.9680821122242
2266	0.9680821122242
2267	0.9680821122242
2268	0.9680821122242
2269	0.9680821122242
2270	0.9680821122242
2271	0.9680821122242
2272	0.9680821122242
2273	0.9680821122242
2274	0.9680821122242
2275	0.9680821122242
2276	0.9680821122242
2277	0.9680821122242
2278	0.9680821122242
2279	0.9680821122242
2280	0.9680821122242
2281	0.9680821122242
2282	0.9680821122242
2283	0.9680821122242
2284	0.9680821122242
2285	0.9680821122242
2286	0.9680821122242
2287	0.9680821122242
2288	0.9680821122242
2289	0.9680821122242
2290	0.9680821122242
2291	0.9680821122242
2292	0.9680821122242
2293	0.9680821122242
2294	0.9680821122242
2295	0.9680821122242
2296	0.9680821122242
2297	0.9680821122242
2298	0.9680821122242
2299	0.9680821122242
2300	0.9680821122242
2301	0.9680821122242
2302	0.9680821122242
2303	0.9680821122242
2304	0.9680821122242
2305	0.9680821122242
2306	0.9680821122242
2307	0.9680821122242
2308	0.9680821122242
2309	0.9680821122242
2310	0.9680821122242
2311	0.9680821122242
2312	0.9680821122242
2313	0.9680821122242
2314	0.9680821122242
2315	0.9680821122242
2316	0.9680821122242
2317	0.9680821122242
2318	0.9680821122242
2319	0.9680821122242
2320	0.9680821122242
2321	0.9680821122242
2322	0.9680821122242
2323	0.9680821122242
2324	0.9680821122242
2325	0.9680821122242
2326	0.9680821122242
2327	0.9680821122242
2328	0.9680821122242
2329	0.9680821122242
2330	0.9680821122242
2331	0.9680821122242
2332	0.9680821122242
2333	0.9680821122242
2334	0.9680821122242
2335	0.9680821122242
2336	0.9680821122242
2337	0.9680821122242
2338	0.9680821122242
2339	0.9680821122242
2340	0.9680821122242
2341	0.9680821122242
2342	0.9680821122242
2343	0.9680821122242
2344	0.9680821122242
2345	0.9680821122242
2346	0.9680821122242
2347	0.9680821122242
2348	0.9680821122242
2349	0.9680821122242
2350	0.9680821122242
2351	0.9680821122242
2352	0.9680821122242
2353	0.9680821122242
2354	0.9680821122242
2355	0.9680821122242
2356	0.9680821122242
2357	0.9680821122242
2358	0.9680821122242
2359	0.9680821122242
2360	0.9680821122242
2361	0.9680821122242
2362	0.9680821122242
2363	0.9680821122242
2364	0.9680821122242
2365	0.9680821122242
2366	0.9680821122242
2367	0.9680821122242
2368	0.9680821122242
2369	0.9680821122242
2370	0.9680821122242
2371	0.9680821122242
2372	0.9680821122242
2373	0.9680821122242
2374	0.9680821122242
2375	0.9680821122242
2376	0.9680821122242
2377	0.9680821122242
2378	0.9680821122242
2379	0.9680821122242
2380	0.9680821122242
2381	0.9680821122242
2382	0.9680821122242
2383	0.9680821122242
2384	0.9680821122242
2385	0.9680821122242
2386	0.9680821122242
2387	0.9680821122242
2388	0.9680821122242
2389	0.9680821122242
2390	0.9680821122242
2391	0.9680821122242
2392	0.9680821122242
2393	0.9680821122242
2394	0.9680821122242
2395	0.9680821122242
2396	0.9680821122242
2397	0.9680821122242
2398	0.9680821122242
2399	0.9680821122242
2400	0.9680821122242
2401	0.9680821122242
2402	0.9680821122242
2403	0.9680821122242
2404	0.9680821122242
2405	0.9680821122242
2406	0.9680821122242
2407	0.9680821122242
2408	0.9680821122242
2409	0.9680821122242
2410	0.9680821122242
2411	0.9680821122242
2412	0.9680821122242
2413	0.9680821122242
2414	0.9680821122242
2415	0.9680821122242
2416	0.9680821122242
2417	0.9680821122242
2418	0.9680821122242
2419	0.9680821122242
2420	0.9680821122242
2421	0.9680821122242
2422	0.9680821122242
2423	0.9680821122242
2424	0.9680821122242
2425	0.9680821122242
2426	0.9680821122242
2427	0.9680821122242
2428	0.9680821122242
2429	0.9680821122242
2430	0.9680821122242
2431	0.9680821122242
2432	0.9680821122242
2433	0.9680821122242
2434	0.9680821122242
2435	0.9680821122242
2436	0.9680821122242
2437	0.9680821122242
2438	0.9680821122242
2439	0.9680821122242
2440	0.9680821122242
2441	0.9680821122242
2442	0.9680821122242
2443	0.9680821122242
2444	0.9680821122242
2445	0.9680821122242
2446	0.9680821122242
2447	0.9680821122242
2448	0.9680821122242
2449	0.9680821122242
2450	0.9680821122242
2451	0.9680821122242
2452	0.9680821122242
2453	0.9680821122242
2454	0.9680821122242
2455	0.9680821122242
2456	0.9680821122242
2457	0.9680821122242
2458	0.9680821122242
2459	0.9680821122242
2460	0.9680821122242
2461	0.9680821122242
2462	0.9680821122242
2463	0.9680821122242
2464	0.9680821122242
2465	0.9680821122242
2466	0.9680821122242
2467	0.9680821122242
2468	0.9680821122242
2469	0.9680821122242
2470	0.9680821122242
2471	0.9680821122242
2472	0.9680821122242
2473	0.9680821122242
2474	0.9680821122242
2475	0.9680821122242
2476	0.9680821122242
2477	0.9680821122242
2478	0.9680821122242
2479	0.9680821122242
2480	0.9680821122242
2481	0.9680821122242
2482	0.9680821122242
2483	0.9680821122242
2484	0.9680821122242
2485	0.9680821122242
2486	0.9680821122242
2487	0.9680821122242
2488	0.9680821122242
2489	0.9680821122242
2490	0.9680821122242
2491	0.9680821122242
2492	0.9680821122242
2493	0.9680821122242
2494	0.9680821122242
2495	0.9680821122242
2496	0.9680821122242
2497	0.9680821122242
2498	0.9680821122242
2499	0.9680821122242
2500	0.9680821122242
2501	0.9680821122242
2502	0.9680821122242
2503	0.9680821122242
2504	0.9680821122242
2505	0.9680821122242
2506	0.9680821122242
2507	0.9680821122242
2508	0.9680821122242
2509	0.9680821122242
2510	0.9680821122242
2511	0.9680821122242
2512	0.9680821122242
2513	0.9680821122242
2514	0.9680821122242
2515	0.9680821122242
2516	0.9680821122242
2517	0.9680821122242
2518	0.9680821122242
2519	0.9680821122242
2520	0.9680821122242
2521	0.9680821122242
2522	0.9680821122242
2523	0.9680821122242
2524	0.9680821122242
2525	0.9680821122242
2526	0.9680821122242
2527	0.9680821122242
2528	0.9680821122242
2529	0.9680821122242
2530	0.9680821122242
2531	0.9680821122242
2532	0.9680821122242
2533	0.9680821122242
2534	0.9680821122242
2535	0.9680821122242
2536	0.9680821122242
2537	0.9690540695886
2538	0.9690540695886
2539	0.9690540695886
2540	0.9690540695886
2541	0.9690540695886
2542	0.9690540695886
2543	0.9690540695886
2544	0.9690540695886
2545	0.9690540695886
2546	0.9690540695886
2547	0.9690540695886
2548	0.9690540695886
2549	0.9690540695886
2550	0.9690540695886
2551	0.9690540695886
2552	0.9690540695886
2553	0.9690540695886
2554	0.9690540695886
2555	0.9690540695886
2556	0.9690540695886
2557	0.9690540695886
2558	0.9690540695886
2559	0.9690540695886
2560	0.9690540695886
2561	0.9690540695886
2562	0.9690540695886
2563	0.9690540695886
2564	0.9690540695886
2565	0.9690540695886
2566	0.9690540695886
2567	0.9690540695886
2568	0.9690540695886
2569	0.9690540695886
2570	0.9690540695886
2571	0.9690540695886
2572	0.9690540695886
2573	0.9690540695886
2574	0.9690540695886
2575	0.9690540695886
2576	0.9690540695886
2577	0.9690540695886
2578	0.9690540695886
2579	0.9690540695886
2580	0.9690540695886
2581	0.9690540695886
2582	0.9690540695886
2583	0.9690540695886
2584	0.9690540695886
2585	0.9690540695886
2586	0.9690540695886
2587	0.9690540695886
2588	0.9690540695886
2589	0.9690540695886
2590	0.9690540695886
2591	0.9690540695886
2592	0.9690540695886
2593	0.9690540695886
2594	0.9690540695886
2595	0.9690540695886
2596	0.9690540695886
2597	0.9690540695886
2598	0.9690540695886
2599	0.9690540695886
2600	0.9690540695886
2601	0.9690540695886
2602	0.9690540695886
2603	0.9690540695886
2604	0.9690540695886
2605	0.9690540695886
2606	0.9690540695886
2607	0.9690540695886
2608	0.9690540695886
2609	0.9690540695886
2610	0.9690540695886
2611	0.9690540695886
2612	0.9690540695886
2613	0.9690540695886
2614	0.9690540695886
2615	0.9690540695886
2616	0.9690540695886
2617	0.9690540695886
2618	0.9690540695886
2619	0.9700260852712
2620	0.9700260852712
2621	0.9700260852712
2622	0.9700260852712
2623	0.9700260852712
2624	0.9700260852712
2625	0.9700260852712
2626	0.9700260852712
2627	0.9700260852712
2628	0.9700260852712
2629	0.9700260852712
2630	0.9700260852712
2631	0.9700260852712
2632	0.9700260852712
2633	0.9700260852712
2634	0.9700260852712
2635	0.9700260852712
2636	0.9700260852712
2637	0.9700260852712
2638	0.9700260852712
2639	0.9700260852712
2640	0.9700260852712
2641	0.9700260852712
2642	0.9700260852712
2643	0.9700260852712
2644	0.9700260852712
2645	0.9700260852712
2646	0.9700260852712
2647	0.9700260852712
2648	0.9700260852712
2649	0.9700260852712
2650	0.9700260852712
2651	0.9700260852712
2652	0.9700260852712
2653	0.9700260852712
2654	0.9700260852712
2655	0.9700260852712
2656	0.9700260852712
2657	0.9700260852712
2658	0.9700260852712
2659	0.9700260852712
2660	0.9700260852712
2661	0.9700260852712
2662	0.9690540695886
2663	0.9690540695886
2664	0.9690540695886
2665	0.9690540695886
2666	0.9700260852712
2667	0.9700260852712
2668	0.9700260852712
2669	0.9700260852712
2670	0.9700260852712
2671	0.9700260852712
2672	0.9700260852712
2673	0.9700260852712
2674	0.9700260852712
2675	0.9700260852712
2676	0.9700260852712
2677	0.9700260852712
2678	0.9700260852712
2679	0.9700260852712
2680	0.9700260852712
2681	0.9700260852712
2682	0.9700260852712
2683	0.9700260852712
2684	0.9700260852712
2685	0.9700260852712
2686	0.9700260852712
2687	0.9700260852712
2688	0.9700260852712
2689	0.9700260852712
2690	0.9700260852712
2691	0.9700260852712
2692	0.9700260852712
2693	0.9700260852712
2694	0.9700260852712
2695	0.9700260852712
2696	0.9700260852712
2697	0.9700260852712
2698	0.9700260852712
2699	0.9700260852712
2700	0.9700260852712
2701	0.9700260852712
2702	0.9700260852712
2703	0.9700260852712
2704	0.9700260852712
2705	0.9700260852712
2706	0.9690540695886
2707	0.9690540695886
2708	0.9690540695886
2709	0.9700260852712
2710	0.9700260852712
2711	0.9700260852712
2712	0.9700260852712
2713	0.9700260852712
2714	0.9700260852712
2715	0.9700260852712
2716	0.9700260852712
2717	0.9700260852712
2718	0.9700260852712
2719	0.9700260852712
2720	0.9700260852712
2721	0.9700260852712
2722	0.9700260852712
2723	0.9700260852712
2724	0.9700260852712
2725	0.9700260852712
2726	0.9700260852712
2727	0.9700260852712
2728	0.9700260852712
2729	0.9700260852712
2730	0.9700260852712
2731	0.9700260852712
2732	0.9700260852712
2733	0.9700260852712
2734	0.9700260852712
2735	0.9700260852712
2736	0.9700260852712
2737	0.9700260852712
2738	0.9700260852712
2739	0.9700260852712
2740	0.9700260852712
2741	0.9700260852712
2742	0.9700260852712
2743	0.9700260852712
2744	0.9700260852712
2745	0.9700260852712
2746	0.9700260852712
2747	0.9700260852712
2748	0.9700260852712
2749	0.9700260852712
2750	0.9700260852712
2751	0.9700260852712
2752	0.9700260852712
2753	0.9700260852712
2754	0.9700260852712
2755	0.9700260852712
2756	0.9700260852712
2757	0.9700260852712
2758	0.9700260852712
2759	0.9700260852712
2760	0.9700260852712
2761	0.9700260852712
2762	0.9700260852712
2763	0.9700260852712
2764	0.9700260852712
2765	0.9700260852712
2766	0.9700260852712
2767	0.9700260852712
2768	0.9700260852712
2769	0.9700260852712
2770	0.9709980426356
2771	0.9709980426356
2772	0.9709980426356
2773	0.9709980426356
2774	0.9709980426356
2775	0.9709980426356
2776	0.9709980426356
2777	0.9709980426356
2778	0.9709980426356
2779	0.9709980426356
2780	0.9709980426356
2781	0.9709980426356
2782	0.9709980426356
2783	0.9709980426356
2784	0.9709980426356
2785	0.97197
2786	0.97197
2787	0.97197
2788	0.97197
2789	0.97197
2790	0.97197
2791	0.97197
2792	0.97197
2793	0.97197
2794	0.97197
2795	0.97197
2796	0.97197
2797	0.97197
2798	0.97197
2799	0.97197
2800	0.97197
2801	0.97197
2802	0.97197
2803	0.97197
2804	0.97197
2805	0.97197
2806	0.97197
2807	0.97197
2808	0.97197
2809	0.97197
2810	0.97197
2811	0.97197
2812	0.97197
2813	0.97197
2814	0.97197
2815	0.97197
2816	0.97197
2817	0.97197
2818	0.97197
2819	0.97197
2820	0.97197
2821	0.97197
2822	0.97197
2823	0.97197
2824	0.97197
2825	0.97197
2826	0.97197
2827	0.97197
2828	0.97197
2829	0.97197
2830	0.97197
2831	0.97197
2832	0.97197
2833	0.97197
2834	0.97197
2835	0.97197
2836	0.97197
2837	0.97197
2838	0.97197
2839	0.97197
2840	0.97197
2841	0.97197
2842	0.97197
2843	0.97197
2844	0.97197
2845	0.97197
2846	0.97197
2847	0.97197
2848	0.97197
2849	0.97197
2850	0.97197
2851	0.97197
2852	0.97197
2853	0.97197
2854	0.97197
2855	0.97197
2856	0.97197
2857	0.97197
2858	0.97197
2859	0.97197
2860	0.97197
2861	0.97197
2862	0.97197
2863	0.97197
2864	0.97197
2865	0.97197
2866	0.97197
2867	0.97197
2868	0.97197
2869	0.97197
2870	0.97197
2871	0.97197
2872	0.97197
2873	0.97197
2874	0.9709980426356
2875	0.9709980426356
2876	0.9709980426356
2877	0.9709980426356
2878	0.9709980426356
2879	0.9709980426356
2880	0.9709980426356
2881	0.9709980426356
2882	0.9709980426356
2883	0.9700260852712
2884	0.9700260852712
2885	0.9700260852712
2886	0.9700260852712
2887	0.9700260852712
2888	0.9700260852712
2889	0.9700260852712
2890	0.9700260852712
2891	0.9700260852712
2892	0.9690540695886
2893	0.9690540695886
2894	0.9690540695886
2895	0.9690540695886
2896	0.9690540695886
2897	0.9690540695886
2898	0.9690540695886
2899	0.9680821122242
2900	0.9680821122242
2901	0.9680821122242
2902	0.9680821122242
2903	0.9680821122242
2904	0.9671101548598
2905	0.9671101548598
2906	0.9671101548598
2907	0.9671101548598
2908	0.9661381974955
2909	0.9661381974955
2910	0.9661381974955
2911	0.9661381974955
2912	0.9661381974955
2913	0.9651661818129
2914	0.9651661818129
2915	0.9651661818129
2916	0.9651661818129
2917	0.9651661818129
2918	0.9651661818129
2919	0.9651661818129
2920	0.9651661818129
2921	0.9641942244485
2922	0.9641942244485
2923	0.9641942244485
2924	0.9641942244485
2925	0.9641942244485
2926	0.9641942244485
2927	0.9641942244485
2928	0.9641942244485
2929	0.9641942244485
2930	0.9641942244485
2931	0.9641942244485
2932	0.9641942244485
2933	0.9641942244485
2934	0.9641942244485
2935	0.9651661818129
2936	0.9651661818129
2937	0.9651661818129
2938	0.9651661818129
2939	0.9651661818129
2940	0.9651661818129
2941	0.9651661818129
2942	0.9651661818129
2943	0.9651661818129
2944	0.9651661818129
2945	0.9651661818129
2946	0.9651661818129
2947	0.9651661818129
2948	0.9651661818129
2949	0.9651661818129
2950	0.9651661818129
2951	0.9651661818129
2952	0.9651661818129
2953	0.9651661818129
2954	0.9651661818129
2955	0.9651661818129
2956	0.9651661818129
2957	0.9651661818129
2958	0.9651661818129
2959	0.9651661818129
2960	0.9651661818129
2961	0.9651661818129
2962	0.9651661818129
2963	0.9651661818129
2964	0.9651661818129
2965	0.9651661818129
2966	0.9651661818129
2967	0.9651661818129
2968	0.9651661818129
2969	0.9651661818129
2970	0.9651661818129
2971	0.9651661818129
2972	0.9651661818129
2973	0.9651661818129
2974	0.9651661818129
2975	0.9651661818129
2976	0.9651661818129
2977	0.9651661818129
2978	0.9651661818129
2979	0.9651661818129
2980	0.9651661818129
2981	0.9651661818129
2982	0.9651661818129
2983	0.9651661818129
2984	0.9651661818129
2985	0.9651661818129
2986	0.9651661818129
2987	0.9651661818129
2988	0.9651661818129
2989	0.9651661818129
2990	0.9651661818129
2991	0.9651661818129
2992	0.9651661818129
2993	0.9651661818129
2994	0.9651661818129
2995	0.9651661818129
2996	0.9651661818129
2997	0.9651661818129
2998	0.9651661818129
2999	0.9651661818129
3000	0.9651661818129
3001	0.9651661818129
3002	0.9651661818129
3003	0.9651661818129
3004	0.9651661818129
3005	0.9651661818129
3006	0.9651661818129
3007	0.9651661818129
3008	0.9651661818129
3009	0.9651661818129
3010	0.9651661818129
3011	0.9651661818129
3012	0.9651661818129
3013	0.9651661818129
3014	0.9651661818129
3015	0.9651661818129
3016	0.9651661818129
3017	0.9651661818129
3018	0.9651661818129
3019	0.9651661818129
3020	0.9651661818129
3021	0.9651661818129
3022	0.9651661818129
3023	0.9651661818129
3024	0.9651661818129
3025	0.9651661818129
3026	0.9651661818129
3027	0.9651661818129
3028	0.9651661818129
3029	0.9651661818129
3030	0.9651661818129
3031	0.9651661818129
3032	0.9651661818129
3033	0.9651661818129
3034	0.9651661818129
3035	0.9651661818129
3036	0.9651661818129
3037	0.9651661818129
3038	0.9651661818129
3039	0.9651661818129
3040	0.9651661818129
3041	0.9651661818129
3042	0.9651661818129
3043	0.9651661818129
3044	0.9651661818129
3045	0.9651661818129
3046	0.9651661818129
3047	0.9651661818129
3048	0.9651661818129
3049	0.9651661818129
3050	0.9651661818129
3051	0.9651661818129
3052	0.9651661818129
3053	0.9651661818129
3054	0.9651661818129
3055	0.9651661818129
3056	0.9651661818129
3057	0.9651661818129
3058	0.9651661818129
3059	0.9651661818129
3060	0.9651661818129
3061	0.9651661818129
3062	0.9661381974955
3063	0.9661381974955
3064	0.9661381974955
3065	0.9661381974955
3066	0.9661381974955
3067	0.9661381974955
3068	0.9661381974955
3069	0.9661381974955
3070	0.9661381974955
3071	0.9661381974955
3072	0.9661381974955
3073	0.9661381974955
3074	0.9661381974955
3075	0.9661381974955
3076	0.9661381974955
3077	0.9661381974955
3078	0.9661381974955
3079	0.9661381974955
3080	0.9661381974955
3081	0.9661381974955
3082	0.9661381974955
3083	0.9661381974955
3084	0.9661381974955
3085	0.9661381974955
3086	0.9661381974955
3087	0.9661381974955
3088	0.9661381974955
3089	0.9661381974955
3090	0.9661381974955
3091	0.9661381974955
3092	0.9661381974955
3093	0.9661381974955
3094	0.9661381974955
3095	0.9661381974955
3096	0.9661381974955
3097	0.9661381974955
3098	0.9661381974955
3099	0.9661381974955
3100	0.9661381974955
3101	0.9661381974955
3102	0.9661381974955
3103	0.9661381974955
3104	0.9661381974955
3105	0.9661381974955
3106	0.9661381974955
3107	0.9661381974955
3108	0.9661381974955
3109	0.9661381974955
3110	0.9661381974955
3111	0.9661381974955
3112	0.9661381974955
3113	0.9661381974955
3114	0.9661381974955
3115	0.9661381974955
3116	0.9661381974955
3117	0.9661381974955
3118	0.9661381974955
3119	0.9661381974955
3120	0.9661381974955
3121	0.9661381974955
3122	0.9661381974955
3123	0.9661381974955
3124	0.9661381974955
3125	0.9661381974955
3126	0.9661381974955
3127	0.9661381974955
3128	0.9661381974955
3129	0.9661381974955
3130	0.9661381974955
3131	0.9661381974955
3132	0.9661381974955
3133	0.9661381974955
3134	0.9661381974955
3135	0.9661381974955
3136	0.9661381974955
3137	0.9661381974955
3138	0.9661381974955
3139	0.9661381974955
3140	0.9661381974955
3141	0.9661381974955
3142	0.9661381974955
3143	0.9661381974955
3144	0.9661381974955
3145	0.9661381974955
3146	0.9661381974955
3147	0.9661381974955
3148	0.9661381974955
3149	0.9661381974955
3150	0.9661381974955
3151	0.9661381974955
3152	0.9661381974955
3153	0.9661381974955
3154	0.9661381974955
3155	0.9661381974955
3156	0.9661381974955
3157	0.9661381974955
3158	0.9661381974955
3159	0.9661381974955
3160	0.9661381974955
3161	0.9661381974955
3162	0.9661381974955
3163	0.9661381974955
3164	0.9661381974955
3165	0.9661381974955
3166	0.9661381974955
3167	0.9661381974955
3168	0.9661381974955
3169	0.9661381974955
3170	0.9661381974955
3171	0.9661381974955
3172	0.9661381974955
3173	0.9661381974955
3174	0.9661381974955
3175	0.9661381974955
3176	0.9661381974955
3177	0.9661381974955
3178	0.9661381974955
3179	0.9661381974955
3180	0.9661381974955
3181	0.9661381974955
3182	0.9661381974955
3183	0.9661381974955
3184	0.9661381974955
3185	0.9661381974955
3186	0.9661381974955
3187	0.9661381974955
3188	0.9661381974955
3189	0.9661381974955
3190	0.9661381974955
3191	0.9661381974955
3192	0.9661381974955
3193	0.9661381974955
3194	0.9661381974955
3195	0.9661381974955
3196	0.9661381974955
3197	0.9661381974955
3198	0.9661381974955
3199	0.9661381974955
3200	0.9661381974955
