Rif05 misura V-W after 18 March 1996 corretto
#####SCALEDA
190.
3200.
3011
190	0.772000015
191	0.773000002
192	0.774999976
193	0.776000023
194	0.777999997
195	0.779999971
196	0.782000005
197	0.783999979
198	0.786000013
199	0.788999975
200	0.791000009
201	0.79400003
202	0.796999991
203	0.800000012
204	0.801999986
205	0.805000007
206	0.808000028
207	0.811999977
208	0.814999998
209	0.818000019
210	0.82099998
211	0.824000001
212	0.827000022
213	0.829999983
214	0.833000004
215	0.834999979
216	0.838
217	0.839999974
218	0.842999995
219	0.845000029
220	0.847000003
221	0.848999977
222	0.851000011
223	0.852999985
224	0.853999972
225	0.856000006
226	0.85799998
227	0.859000027
228	0.860000014
229	0.861999989
230	0.862999976
231	0.864000022
232	0.86500001
233	0.865999997
234	0.866999984
235	0.867999971
236	0.869000018
237	0.870000005
238	0.870999992
239	0.871999979
240	0.873000026
241	0.873000026
242	0.874000013
243	0.875
244	0.875
245	0.875999987
246	0.875999987
247	0.876999974
248	0.876999974
249	0.878000021
250	0.878000021
251	0.878000021
252	0.879000008
253	0.879000008
254	0.879000008
255	0.879000008
256	0.879000008
257	0.879999995
258	0.879999995
259	0.879999995
260	0.879999995
261	0.879999995
262	0.879999995
263	0.879999995
264	0.879999995
265	0.879999995
266	0.879999995
267	0.879999995
268	0.879999995
269	0.879999995
270	0.879000008
271	0.879000008
272	0.879000008
273	0.879000008
274	0.879000008
275	0.879000008
276	0.878000021
277	0.878000021
278	0.878000021
279	0.878000021
280	0.878000021
281	0.876999974
282	0.876999974
283	0.876999974
284	0.876999974
285	0.875999987
286	0.875999987
287	0.875999987
288	0.875999987
289	0.875
290	0.875
291	0.875
292	0.875
293	0.874000013
294	0.874000013
295	0.874000013
296	0.873000026
297	0.873000026
298	0.873000026
299	0.871999979
300	0.871999979
301	0.871999979
302	0.871999979
303	0.870999992
304	0.870999992
305	0.870999992
306	0.870000005
307	0.870000005
308	0.870000005
309	0.870000005
310	0.870000005
311	0.869000018
312	0.869000018
313	0.869000018
314	0.869000018
315	0.867999971
316	0.867999971
317	0.867999971
318	0.867999971
319	0.867999971
320	0.867999971
321	0.866999984
322	0.866999984
323	0.866999984
324	0.866999984
325	0.866999984
326	0.865999997
327	0.865999997
328	0.865999997
329	0.865999997
330	0.865999997
331	0.86500001
332	0.86500001
333	0.86500001
334	0.86500001
335	0.864000022
336	0.864000022
337	0.864000022
338	0.864000022
339	0.862999976
340	0.862999976
341	0.862999976
342	0.861999989
343	0.861999989
344	0.861999989
345	0.861000001
346	0.861000001
347	0.861000001
348	0.861000001
349	0.860000014
350	0.860000014
351	0.860000014
352	0.860000014
353	0.859000027
354	0.859000027
355	0.859000027
356	0.859000027
357	0.859000027
358	0.85799998
359	0.85799998
360	0.85799998
361	0.85799998
362	0.85799998
363	0.85799998
364	0.856999993
365	0.856999993
366	0.856999993
367	0.856999993
368	0.856999993
369	0.856999993
370	0.856000006
371	0.856000006
372	0.856000006
373	0.856000006
374	0.856000006
375	0.856000006
376	0.856000006
377	0.856000006
378	0.855000019
379	0.855000019
380	0.855000019
381	0.855000019
382	0.855000019
383	0.855000019
384	0.855000019
385	0.855000019
386	0.855000019
387	0.853999972
388	0.853999972
389	0.853999972
390	0.853999972
391	0.853999972
392	0.853999972
393	0.853999972
394	0.853999972
395	0.853999972
396	0.853999972
397	0.853999972
398	0.853999972
399	0.853999972
400	0.853999972
401	0.853999972
402	0.853999972
403	0.853999972
404	0.853999972
405	0.852999985
406	0.852999985
407	0.852999985
408	0.852999985
409	0.852999985
410	0.852999985
411	0.852999985
412	0.852999985
413	0.852999985
414	0.852999985
415	0.852999985
416	0.852999985
417	0.852999985
418	0.852999985
419	0.852999985
420	0.852999985
421	0.852999985
422	0.852999985
423	0.852999985
424	0.852999985
425	0.852999985
426	0.852999985
427	0.852999985
428	0.852999985
429	0.852999985
430	0.852999985
431	0.852999985
432	0.852999985
433	0.852999985
434	0.852999985
435	0.852999985
436	0.852999985
437	0.852999985
438	0.852999985
439	0.853999972
440	0.853999972
441	0.853999972
442	0.853999972
443	0.853999972
444	0.853999972
445	0.853999972
446	0.853999972
447	0.853999972
448	0.853999972
449	0.853999972
450	0.853999972
451	0.853999972
452	0.853999972
453	0.853999972
454	0.853999972
455	0.853999972
456	0.853999972
457	0.853999972
458	0.853999972
459	0.853999972
460	0.853999972
461	0.853999972
462	0.853999972
463	0.853999972
464	0.853999972
465	0.855000019
466	0.855000019
467	0.855000019
468	0.855000019
469	0.855000019
470	0.855000019
471	0.855000019
472	0.855000019
473	0.855000019
474	0.855000019
475	0.855000019
476	0.855000019
477	0.855000019
478	0.855000019
479	0.856000006
480	0.856000006
481	0.856000006
482	0.856000006
483	0.856000006
484	0.856000006
485	0.856000006
486	0.856000006
487	0.856000006
488	0.856000006
489	0.856000006
490	0.856000006
491	0.856000006
492	0.856000006
493	0.856999993
494	0.856999993
495	0.856999993
496	0.856999993
497	0.856999993
498	0.856999993
499	0.856999993
500	0.856999993
501	0.856999993
502	0.856999993
503	0.856999993
504	0.856999993
505	0.856999993
506	0.856999993
507	0.856999993
508	0.856999993
509	0.856999993
510	0.856999993
511	0.856999993
512	0.856999993
513	0.856999993
514	0.856999993
515	0.85799998
516	0.85799998
517	0.85799998
518	0.85799998
519	0.85799998
520	0.85799998
521	0.85799998
522	0.85799998
523	0.85799998
524	0.85799998
525	0.85799998
526	0.85799998
527	0.85799998
528	0.85799998
529	0.85799998
530	0.859000027
531	0.859000027
532	0.859000027
533	0.859000027
534	0.859000027
535	0.859000027
536	0.859000027
537	0.859000027
538	0.859000027
539	0.859000027
540	0.859000027
541	0.859000027
542	0.859000027
543	0.859000027
544	0.859000027
545	0.859000027
546	0.859000027
547	0.860000014
548	0.860000014
549	0.860000014
550	0.860000014
551	0.860000014
552	0.860000014
553	0.860000014
554	0.860000014
555	0.860000014
556	0.860000014
557	0.860000014
558	0.860000014
559	0.860000014
560	0.860000014
561	0.860000014
562	0.860000014
563	0.860000014
564	0.860000014
565	0.860000014
566	0.860000014
567	0.860000014
568	0.860000014
569	0.860000014
570	0.860000014
571	0.860000014
572	0.860000014
573	0.860000014
574	0.860000014
575	0.860000014
576	0.860000014
577	0.860000014
578	0.860000014
579	0.860000014
580	0.860000014
581	0.860000014
582	0.860000014
583	0.860000014
584	0.860000014
585	0.860000014
586	0.860000014
587	0.860000014
588	0.860000014
589	0.860000014
590	0.860000014
591	0.860000014
592	0.860000014
593	0.860000014
594	0.860000014
595	0.860000014
596	0.860000014
597	0.860000014
598	0.860000014
599	0.860000014
600	0.860000014
601	0.860000014
602	0.860000014
603	0.860000014
604	0.860000014
605	0.860000014
606	0.860000014
607	0.860000014
608	0.860000014
609	0.860000014
610	0.860000014
611	0.860000014
612	0.860000014
613	0.860000014
614	0.860000014
615	0.860000014
616	0.860000014
617	0.860000014
618	0.860000014
619	0.860000014
620	0.859000027
621	0.859000027
622	0.859000027
623	0.859000027
624	0.859000027
625	0.859000027
626	0.859000027
627	0.859000027
628	0.859000027
629	0.859000027
630	0.859000027
631	0.859000027
632	0.859000027
633	0.859000027
634	0.859000027
635	0.859000027
636	0.859000027
637	0.859000027
638	0.859000027
639	0.85799998
640	0.85799998
641	0.85799998
642	0.85799998
643	0.85799998
644	0.85799998
645	0.85799998
646	0.85799998
647	0.85799998
648	0.85799998
649	0.85799998
650	0.85799998
651	0.85799998
652	0.856999993
653	0.856999993
654	0.856999993
655	0.856999993
656	0.856999993
657	0.856999993
658	0.856999993
659	0.856999993
660	0.856999993
661	0.856999993
662	0.856999993
663	0.856000006
664	0.856000006
665	0.856000006
666	0.856000006
667	0.856000006
668	0.856000006
669	0.856000006
670	0.856000006
671	0.856000006
672	0.855000019
673	0.855000019
674	0.855000019
675	0.855000019
676	0.855000019
677	0.855000019
678	0.855000019
679	0.855000019
680	0.853999972
681	0.853999972
682	0.853999972
683	0.853999972
684	0.853999972
685	0.853999972
686	0.853999972
687	0.853999972
688	0.852999985
689	0.852999985
690	0.852999985
691	0.852999985
692	0.852999985
693	0.852999985
694	0.851999998
695	0.851999998
696	0.851999998
697	0.851999998
698	0.851999998
699	0.851999998
700	0.851999998
701	0.851000011
702	0.851000011
703	0.851000011
704	0.851000011
705	0.851000011
706	0.850000024
707	0.850000024
708	0.850000024
709	0.850000024
710	0.850000024
711	0.850000024
712	0.848999977
713	0.848999977
714	0.848999977
715	0.848999977
716	0.848999977
717	0.84799999
718	0.84799999
719	0.84799999
720	0.84799999
721	0.847000003
722	0.847000003
723	0.847000003
724	0.847000003
725	0.847000003
726	0.846000016
727	0.846000016
728	0.846000016
729	0.846000016
730	0.845000029
731	0.845000029
732	0.845000029
733	0.845000029
734	0.843999982
735	0.843999982
736	0.843999982
737	0.843999982
738	0.842999995
739	0.842999995
740	0.842999995
741	0.842000008
742	0.842000008
743	0.842000008
744	0.842000008
745	0.841000021
746	0.841000021
747	0.841000021
748	0.839999974
749	0.839999974
750	0.839999974
751	0.838999987
752	0.838999987
753	0.838999987
754	0.838
755	0.838
756	0.838
757	0.837000012
758	0.837000012
759	0.837000012
760	0.836000025
761	0.836000025
762	0.836000025
763	0.834999979
764	0.834999979
765	0.834999979
766	0.833999991
767	0.833999991
768	0.833000004
769	0.833000004
770	0.833000004
771	0.832000017
772	0.832000017
773	0.83099997
774	0.83099997
775	0.83099997
776	0.829999983
777	0.829999983
778	0.828999996
779	0.828999996
780	0.828999996
781	0.828000009
782	0.828000009
783	0.827000022
784	0.827000022
785	0.827000022
786	0.825999975
787	0.825999975
788	0.824999988
789	0.824999988
790	0.824999988
791	0.824000001
792	0.824000001
793	0.824000001
794	0.823000014
795	0.823000014
796	0.822000027
797	0.822000027
798	0.822000027
799	0.82099998
800	0.82099998
801	0.82099998
802	0.819999993
803	0.819999993
804	0.819999993
805	0.819000006
806	0.819000006
807	0.819000006
808	0.819000006
809	0.818000019
810	0.818000019
811	0.818000019
812	0.818000019
813	0.818000019
814	0.8169999719999
815	0.8169999719993
816	0.8169999719959
817	0.8169999719809
818	0.8169999719273
819	0.8169999717638
820	0.8169999713226
821	0.8169999702431
822	0.816999967806
823	0.8169999626621
824	0.8159999654313
825	0.8159999459884
826	0.8159999106158
827	0.8159998486145
828	0.8169997301571
829	0.816999556721
830	0.8169992784196
831	0.8169988422593
832	0.8169981731468
833	0.8169971664257
834	0.8169956784338
835	0.8169935146988
836	0.8179904506464
837	0.8179860671923
838	0.817979954956
839	0.8179715347391
840	0.8179600662206
841	0.818944531909
842	0.818923894563
843	0.8188966352664
844	0.8198607830663
845	0.8198144765116
846	0.8207546579445
847	0.8206787727247
848	0.8215825169341
849	0.8224618674818
850	0.8223129840522
851	0.8231291716878
852	0.823905530177
853	0.8246363384039
854	0.8253160677369
855	0.8259395217387
856	0.8274996318539
857	0.8279992359541
858	0.828435282197
859	0.828809494236
860	0.8301206645378
861	0.8303870841257
862	0.8316059342957
863	0.8318036598749
864	0.8329774156587
865	0.833159007916
866	0.8343417353516
867	0.8355472507609
868	0.8357988313541
869	0.8370787861291
870	0.8374198903797
871	0.8387963681289
872	0.8402235948094
873	0.8407179480519
874	0.8422447076731
875	0.8438175397529
876	0.8444512292502
877	0.846106493715
878	0.8468161591774
879	0.8485394458123
880	0.8493105384824
881	0.8501074190077
882	0.8519074225767
883	0.8527468765671
884	0.8536038668498
885	0.8544761900484
886	0.8553619569734
887	0.8562593365289
888	0.857166886149
889	0.8580832943331
890	0.8590074180459
891	0.8599383215121
892	0.8608750228776
893	0.8618168303342
894	0.8627630923532
895	0.8637133022165
896	0.8646668515756
897	0.8656233730159
898	0.866582496339
899	0.8665647432965
900	0.8675281657287
901	0.8684933995723
902	0.8694601182725
903	0.870428195713
904	0.8704183830047
905	0.8713887210948
906	0.872359990199
907	0.8733321412057
908	0.8733259099137
909	0.8742993826994
910	0.8752734276127
911	0.876247980637
912	0.8772230441547
913	0.8781984510058
914	0.8781951929578
915	0.8791712808561
916	0.8801476537281
917	0.8811242813046
918	0.8821011955039
919	0.8820992453311
920	0.8830764897902
921	0.8840538982382
922	0.8850314539809
923	0.8860091421483
924	0.8869870082233
925	0.8869859224784
926	0.887963934999
927	0.8889420347324
928	0.8899202132282
929	0.8908985216565
930	0.8918768357478
931	0.8918762129738
932	0.8928546388392
933	0.893833113548
934	0.8948116307195
935	0.8957902451111
936	0.8957898450643
937	0.8967684715726
938	0.8977471267745
939	0.8977468175696
940	0.8987255247616
941	0.8997043131561
942	0.9006830633186
943	0.9006828418749
944	0.9016616281279
945	0.9026404300369
946	0.9026402565489
947	0.903619086095
948	0.9036189382681
949	0.9045978497542
950	0.9055767126118
951	0.9055765957706
952	0.9065554765661
953	0.9075343652004
954	0.9075342723868
955	0.9085131749663
956	0.9085130951737
957	0.9094920683137
958	0.9094919995729
959	0.910470924015
960	0.911449852871
961	0.9114497976679
962	0.9124287344242
963	0.9124286866312
964	0.9134076888756
965	0.9134076474198
966	0.9143865967
967	0.9143865606747
968	0.9153655149087
969	0.9153654835463
970	0.916344443016
971	0.9163444156652
972	0.917323377821
973	0.9173233539279
974	0.918302377006
975	0.9183023560987
976	0.9192813241476
977	0.9192813058233
978	0.9192812886671
979	0.9202602611301
980	0.9202602460578
981	0.9212392194517
982	0.92123920619
983	0.9222181812443
984	0.9222181695581
985	0.9222181585878
986	0.9231971944854
987	0.9231971847974
988	0.9241761631327
989	0.924176154565
990	0.9241761465079
991	0.9251551263424
992	0.9251551192024
993	0.9261340998804
994	0.9261340935445
995	0.9261340875763
996	0.927113128073
997	0.9271131227666
998	0.9271131177635
999	0.9280921004091
1000	0.9280920959524
1001	0.9280920917463
1002	0.9290710751268
1003	0.9290710713733
1004	0.9290710678278
1005	0.9300500518176
1006	0.9300500486479
1007	0.9300500456513
1008	0.9310290301478
1009	0.9310290274641
1010	0.9310290249249
1011	0.9320080685839
1012	0.9320080663061
1013	0.932008064149
1014	0.9329870494213
1015	0.9329870474833
1016	0.9329870456465
1017	0.9329870439052
1018	0.9339660295621
1019	0.9339660279943
1020	0.9339660265069
1021	0.9349450123989
1022	0.9349450110577
1023	0.9349450097843
1024	0.934945008575
1025	0.9359239947246
1026	0.935923993632
1027	0.9359239925937
1028	0.9359239916068
1029	0.9369030367023
1030	0.936903035809
1031	0.9369030349592
1032	0.9369030341507
1033	0.9378820206717
1034	0.9378820199385
1035	0.9378820192405
1036	0.9378820185758
1037	0.9388610052303
1038	0.9388610046264
1039	0.938861004051
1040	0.9388610035026
1041	0.9398399912441
1042	0.9398399907451
1043	0.9398399902692
1044	0.9398399898153
1045	0.9408190344266
1046	0.9408190340128
1047	0.9408190336179
1048	0.940819033241
1049	0.940819032881
1050	0.9417980198187
1051	0.94179801949
1052	0.9417980191759
1053	0.9417980188758
1054	0.9417980185891
1055	0.9427770065737
1056	0.9427770063113
1057	0.9427770060604
1058	0.9427770058204
1059	0.9427770055909
1060	0.9437559926498
1061	0.9437559924394
1062	0.943755992238
1063	0.9437559920452
1064	0.9437559918606
1065	0.9447349789614
1066	0.9447349787919
1067	0.9447349786296
1068	0.944734978474
1069	0.944734978325
1070	0.9447349781821
1071	0.9457140240618
1072	0.9457140239304
1073	0.9457140238044
1074	0.9457140236835
1075	0.9457140235676
1076	0.9457140234564
1077	0.9466930106256
1078	0.9466930105231
1079	0.9466930104247
1080	0.9466930103302
1081	0.9466930102396
1082	0.9466930101525
1083	0.9476719973442
1084	0.9476719972638
1085	0.9476719971866
1086	0.9476719971124
1087	0.9476719970411
1088	0.9476719969726
1089	0.9476719969067
1090	0.9486509841182
1091	0.9486509840572
1092	0.9486509839986
1093	0.9486509839422
1094	0.948650983888
1095	0.9486509838359
1096	0.9496300298002
1097	0.9496300297518
1098	0.9496300297053
1099	0.9496300296605
1100	0.9496300296174
1101	0.9496300295759
1102	0.949630029536
1103	0.9496300294975
1104	0.9506090167345
1105	0.9506090166988
1106	0.9506090166643
1107	0.9506090166312
1108	0.9506090165992
1109	0.9506090165684
1110	0.9506090165387
1111	0.9506090165101
1112	0.9515880037563
1113	0.9515880037297
1114	0.951588003704
1115	0.9515880036792
1116	0.9515880036553
1117	0.9515880036322
1118	0.95158800361
1119	0.9515880035885
1120	0.9525669908415
1121	0.9525669908214
1122	0.9525669908021
1123	0.9525669907835
1124	0.9525669907655
1125	0.9525669907481
1126	0.9525669907313
1127	0.9525669907151
1128	0.9525669906994
1129	0.9535459779578
1130	0.9535459779432
1131	0.953545977929
1132	0.9535459779154
1133	0.9535459779022
1134	0.9535459778894
1135	0.9535459778771
1136	0.9535459778651
1137	0.9535459778536
1138	0.9535459778425
1139	0.9545250238451
1140	0.9545250238346
1141	0.9545250238245
1142	0.9545250238148
1143	0.9545250238053
1144	0.9545250237962
1145	0.9545250237873
1146	0.9545250237788
1147	0.9545250237705
1148	0.9545250237625
1149	0.955504011028
1150	0.9555040110205
1151	0.9555040110132
1152	0.9555040110062
1153	0.9555040109993
1154	0.9555040109927
1155	0.9555040109863
1156	0.9555040109801
1157	0.9555040109741
1158	0.9555040109683
1159	0.9555040109627
1160	0.9564829982304
1161	0.9564829982251
1162	0.95648299822
1163	0.956482998215
1164	0.9564829982102
1165	0.9564829982055
1166	0.9564829982009
1167	0.9564829981965
1168	0.9564829981923
1169	0.9564829981881
1170	0.9564829981841
1171	0.9564829981803
1172	0.9574619854496
1173	0.957461985446
1174	0.9574619854424
1175	0.957461985439
1176	0.9574619854356
1177	0.9574619854324
1178	0.9574619854292
1179	0.9574619854262
1180	0.9574619854232
1181	0.9574619854203
1182	0.9574619854175
1183	0.9574619854148
1184	0.9574619854122
1185	0.9574619854096
1186	0.9584409726802
1187	0.9584409726778
1188	0.9584409726754
1189	0.9584409726732
1190	0.9584409726709
1191	0.9584409726688
1192	0.9584409726667
1193	0.9584409726647
1194	0.9584409726627
1195	0.9584409726608
1196	0.9584409726589
1197	0.9584409726571
1198	0.9584409726553
1199	0.9584409726536
1200	0.958440972652
1201	0.9584409726504
1202	0.9584409726488
1203	0.9584409726473
1204	0.9594200186588
1205	0.9594200186574
1206	0.959420018656
1207	0.9594200186546
1208	0.9594200186533
1209	0.959420018652
1210	0.9594200186507
1211	0.9594200186495
1212	0.9594200186483
1213	0.9594200186471
1214	0.959420018646
1215	0.9594200186449
1216	0.9594200186438
1217	0.9594200186428
1218	0.9594200186418
1219	0.9594200186408
1220	0.9594200186398
1221	0.9603990059119
1222	0.960399005911
1223	0.9603990059101
1224	0.9603990059093
1225	0.9603990059084
1226	0.9603990059076
1227	0.9603990059068
1228	0.960399005906
1229	0.9603990059053
1230	0.9603990059046
1231	0.9603990059038
1232	0.9603990059031
1233	0.9603990059025
1234	0.9603990059018
1235	0.9603990059011
1236	0.9603990059005
1237	0.9603990058999
1238	0.9603990058993
1239	0.9613779931717
1240	0.9613779931712
1241	0.9613779931706
1242	0.9613779931701
1243	0.9613779931695
1244	0.961377993169
1245	0.9613779931685
1246	0.961377993168
1247	0.9613779931676
1248	0.9613779931671
1249	0.9613779931666
1250	0.9613779931662
1251	0.9613779931658
1252	0.9613779931654
1253	0.9613779931649
1254	0.9613779931645
1255	0.9613779931642
1256	0.9613779931638
1257	0.9613779931634
1258	0.961377993163
1259	0.9623569804357
1260	0.9623569804354
1261	0.962356980435
1262	0.9623569804347
1263	0.9623569804344
1264	0.9623569804341
1265	0.9623569804337
1266	0.9623569804335
1267	0.9623569804332
1268	0.9623569804329
1269	0.9623569804326
1270	0.9623569804323
1271	0.9623569804321
1272	0.9623569804318
1273	0.9623569804316
1274	0.9623569804313
1275	0.9623569804311
1276	0.9623569804308
1277	0.9623569804306
1278	0.9623569804304
1279	0.9623569804302
1280	0.9623569804299
1281	0.9633360264427
1282	0.9633360264425
1283	0.9633360264423
1284	0.9633360264421
1285	0.963336026442
1286	0.9633360264418
1287	0.9633360264416
1288	0.9633360264414
1289	0.9633360264412
1290	0.9633360264411
1291	0.9633360264409
1292	0.9633360264407
1293	0.9633360264406
1294	0.9633360264404
1295	0.9633360264403
1296	0.9633360264401
1297	0.96333602644
1298	0.9633360264398
1299	0.9633360264397
1300	0.9633360264396
1301	0.9633360264394
1302	0.9633360264393
1303	0.9633360264392
1304	0.963336026439
1305	0.9633360264389
1306	0.9643150137118
1307	0.9643150137117
1308	0.9643150137116
1309	0.9643150137115
1310	0.9643150137114
1311	0.9643150137113
1312	0.9643150137112
1313	0.9643150137111
1314	0.964315013711
1315	0.9643150137109
1316	0.9643150137108
1317	0.9643150137107
1318	0.9643150137106
1319	0.9643150137105
1320	0.9643150137104
1321	0.9643150137103
1322	0.9643150137102
1323	0.9643150137102
1324	0.9643150137101
1325	0.96431501371
1326	0.9643150137099
1327	0.9643150137098
1328	0.9643150137098
1329	0.9643150137097
1330	0.9643150137096
1331	0.9643150137096
1332	0.9643150137095
1333	0.9643150137094
1334	0.9652940009824
1335	0.9652940009823
1336	0.9652940009822
1337	0.9652940009822
1338	0.9652940009821
1339	0.9652940009821
1340	0.965294000982
1341	0.9652940009819
1342	0.9652940009819
1343	0.9652940009818
1344	0.9652940009818
1345	0.9652940009817
1346	0.9652940009817
1347	0.9652940009816
1348	0.9652940009816
1349	0.9652940009815
1350	0.9652940009815
1351	0.9652940009814
1352	0.9652940009814
1353	0.9652940009814
1354	0.9652940009813
1355	0.9652940009813
1356	0.9652940009812
1357	0.9652940009812
1358	0.9652940009811
1359	0.9652940009811
1360	0.9662729892331
1361	0.966272989233
1362	0.966272989233
1363	0.966272989233
1364	0.9662729892329
1365	0.9662729892329
1366	0.9662729892329
1367	0.9662729892328
1368	0.9662729892328
1369	0.9662729892328
1370	0.9662729892327
1371	0.9662729892327
1372	0.9662729892327
1373	0.9662729892326
1374	0.9662729892326
1375	0.9662729892326
1376	0.9662729892326
1377	0.9662729892325
1378	0.9662729892325
1379	0.9662729892325
1380	0.9662729892325
1381	0.9662729892324
1382	0.9662729892324
1383	0.9662729892324
1384	0.9662729892324
1385	0.9662729892323
1386	0.9662729892323
1387	0.9662729892323
1388	0.9662729892323
1389	0.9662729892322
1390	0.9662729892322
1391	0.9662729892322
1392	0.9662729892322
1393	0.9662729892322
1394	0.9662729892321
1395	0.9662729892321
1396	0.9662729892321
1397	0.9662729892321
1398	0.9662729892321
1399	0.967251976505
1400	0.967251976505
1401	0.967251976505
1402	0.967251976505
1403	0.967251976505
1404	0.967251976505
1405	0.9672519765049
1406	0.9672519765049
1407	0.9672519765049
1408	0.9672519765049
1409	0.9672519765049
1410	0.9672519765049
1411	0.9672519765049
1412	0.9672519765048
1413	0.9672519765048
1414	0.9672519765048
1415	0.9672519765048
1416	0.9672519765048
1417	0.9672519765048
1418	0.9672519765048
1419	0.9672519765047
1420	0.9672519765047
1421	0.9672519765047
1422	0.9672519765047
1423	0.9672519765047
1424	0.9672519765047
1425	0.9672519765047
1426	0.9672519765047
1427	0.9672519765047
1428	0.9672519765046
1429	0.9672519765046
1430	0.9672519765046
1431	0.9672519765046
1432	0.9672519765046
1433	0.9672519765046
1434	0.9672519765046
1435	0.9672519765046
1436	0.9672519765046
1437	0.9672519765046
1438	0.9672519765046
1439	0.9672519765045
1440	0.9672519765045
1441	0.9672519765045
1442	0.9672519765045
1443	0.9672519765045
1444	0.9682310215385
1445	0.9682310215385
1446	0.9682310215385
1447	0.9682310215385
1448	0.9682310215385
1449	0.9682310215385
1450	0.9682310215385
1451	0.9682310215384
1452	0.9682310215384
1453	0.9682310215384
1454	0.9682310215384
1455	0.9682310215384
1456	0.9682310215384
1457	0.9682310215384
1458	0.9682310215384
1459	0.9682310215384
1460	0.9682310215384
1461	0.9682310215384
1462	0.9682310215384
1463	0.9682310215384
1464	0.9682310215384
1465	0.9682310215384
1466	0.9682310215384
1467	0.9682310215384
1468	0.9682310215383
1469	0.9682310215383
1470	0.9682310215383
1471	0.9682310215383
1472	0.9682310215383
1473	0.9682310215383
1474	0.9682310215383
1475	0.9682310215383
1476	0.9682310215383
1477	0.9682310215383
1478	0.9682310215383
1479	0.9682310215383
1480	0.9682310215383
1481	0.9682310215383
1482	0.9682310215383
1483	0.9682310215383
1484	0.9682310215383
1485	0.9682310215383
1486	0.9682310215383
1487	0.9682310215383
1488	0.9682310215383
1489	0.9682310215383
1490	0.9682310215382
1491	0.9682310215382
1492	0.9682310215382
1493	0.9682310215382
1494	0.9682310215382
1495	0.9682310215382
1496	0.9682310215382
1497	0.9682310215382
1498	0.9682310215382
1499	0.9682310215382
1500	0.9682310215382
1501	0.9682310215382
1502	0.9692100097902
1503	0.9692100097902
1504	0.9692100097902
1505	0.9692100097902
1506	0.9692100097902
1507	0.9692100097902
1508	0.9692100097902
1509	0.9692100097902
1510	0.9692100097902
1511	0.9692100097902
1512	0.9692100097902
1513	0.9692100097902
1514	0.9692100097902
1515	0.9692100097902
1516	0.9692100097902
1517	0.9692100097902
1518	0.9692100097902
1519	0.9692100097902
1520	0.9692100097902
1521	0.9692100097902
1522	0.9692100097902
1523	0.9692100097902
1524	0.9692100097902
1525	0.9692100097902
1526	0.9692100097901
1527	0.9692100097901
1528	0.9692100097901
1529	0.9692100097901
1530	0.9692100097901
1531	0.9692100097901
1532	0.9692100097901
1533	0.9692100097901
1534	0.9692100097901
1535	0.9692100097901
1536	0.9692100097901
1537	0.9692100097901
1538	0.9692100097901
1539	0.9692100097901
1540	0.9692100097901
1541	0.9692100097901
1542	0.9692100097901
1543	0.9692100097901
1544	0.9692100097901
1545	0.9692100097901
1546	0.9692100097901
1547	0.9692100097901
1548	0.9692100097901
1549	0.9692100097901
1550	0.9692100097901
1551	0.9692100097901
1552	0.9692100097901
1553	0.9692100097901
1554	0.9692100097901
1555	0.9692100097901
1556	0.9692100097901
1557	0.9692100097901
1558	0.9692100097901
1559	0.9692100097901
1560	0.9692100097901
1561	0.9692100097901
1562	0.9701889970631
1563	0.9701889970631
1564	0.9701889970631
1565	0.9701889970631
1566	0.9701889970631
1567	0.9701889970631
1568	0.9701889970631
1569	0.9701889970631
1570	0.9701889970631
1571	0.9701889970631
1572	0.9701889970631
1573	0.9701889970631
1574	0.9701889970631
1575	0.9701889970631
1576	0.9701889970631
1577	0.9701889970631
1578	0.9701889970631
1579	0.9701889970631
1580	0.9701889970631
1581	0.9701889970631
1582	0.9701889970631
1583	0.9701889970631
1584	0.9701889970631
1585	0.9701889970631
1586	0.9701889970631
1587	0.9701889970631
1588	0.9701889970631
1589	0.9701889970631
1590	0.9701889970631
1591	0.9701889970631
1592	0.9701889970631
1593	0.9701889970631
1594	0.9701889970631
1595	0.9701889970631
1596	0.9701889970631
1597	0.9701889970631
1598	0.9701889970631
1599	0.9701889970631
1600	0.9701889970631
1601	0.9701889970631
1602	0.9701889970631
1603	0.9701889970631
1604	0.9701889970631
1605	0.9701889970631
1606	0.9701889970631
1607	0.9701889970631
1608	0.9701889970631
1609	0.970188997063
1610	0.970188997063
1611	0.970188997063
1612	0.970188997063
1613	0.970188997063
1614	0.970188997063
1615	0.970188997063
1616	0.970188997063
1617	0.970188997063
1618	0.970188997063
1619	0.970188997063
1620	0.970188997063
1621	0.970188997063
1622	0.970188997063
1623	0.970188997063
1624	0.970188997063
1625	0.970188997063
1626	0.970188997063
1627	0.970188997063
1628	0.970188997063
1629	0.970188997063
1630	0.970188997063
1631	0.970188997063
1632	0.970188997063
1633	0.970188997063
1634	0.970188997063
1635	0.970188997063
1636	0.970188997063
1637	0.971167984336
1638	0.971167984336
1639	0.971167984336
1640	0.971167984336
1641	0.971167984336
1642	0.971167984336
1643	0.971167984336
1644	0.971167984336
1645	0.971167984336
1646	0.971167984336
1647	0.971167984336
1648	0.971167984336
1649	0.971167984336
1650	0.971167984336
1651	0.971167984336
1652	0.971167984336
1653	0.971167984336
1654	0.971167984336
1655	0.971167984336
1656	0.971167984336
1657	0.971167984336
1658	0.971167984336
1659	0.971167984336
1660	0.971167984336
1661	0.971167984336
1662	0.971167984336
1663	0.971167984336
1664	0.971167984336
1665	0.971167984336
1666	0.971167984336
1667	0.971167984336
1668	0.971167984336
1669	0.971167984336
1670	0.971167984336
1671	0.971167984336
1672	0.971167984336
1673	0.971167984336
1674	0.971167984336
1675	0.971167984336
1676	0.971167984336
1677	0.971167984336
1678	0.971167984336
1679	0.971167984336
1680	0.971167984336
1681	0.971167984336
1682	0.971167984336
1683	0.971167984336
1684	0.971167984336
1685	0.971167984336
1686	0.971167984336
1687	0.971167984336
1688	0.971167984336
1689	0.971167984336
1690	0.971167984336
1691	0.971167984336
1692	0.971167984336
1693	0.971167984336
1694	0.971167984336
1695	0.971167984336
1696	0.971167984336
1697	0.971167984336
1698	0.971167984336
1699	0.971167984336
1700	0.971167984336
1701	0.971167984336
1702	0.971167984336
1703	0.971167984336
1704	0.971167984336
1705	0.971167984336
1706	0.971167984336
1707	0.971167984336
1708	0.971167984336
1709	0.971167984336
1710	0.971167984336
1711	0.971167984336
1712	0.971167984336
1713	0.971167984336
1714	0.971167984336
1715	0.971167984336
1716	0.971167984336
1717	0.971167984336
1718	0.971167984336
1719	0.971167984336
1720	0.971167984336
1721	0.971167984336
1722	0.971167984336
1723	0.971167984336
1724	0.971167984336
1725	0.971167984336
1726	0.971167984336
1727	0.971167984336
1728	0.971167984336
1729	0.971167984336
1730	0.971167984336
1731	0.971167984336
1732	0.971167984336
1733	0.971167984336
1734	0.971167984336
1735	0.971167984336
1736	0.971167984336
1737	0.971167984336
1738	0.971167984336
1739	0.971167984336
1740	0.971167984336
1741	0.971167984336
1742	0.971167984336
1743	0.971167984336
1744	0.971167984336
1745	0.971167984336
1746	0.971167984336
1747	0.971167984336
1748	0.971167984336
1749	0.971167984336
1750	0.971167984336
1751	0.971167984336
1752	0.971167984336
1753	0.971167984336
1754	0.971167984336
1755	0.971167984336
1756	0.971167984336
1757	0.971167984336
1758	0.971167984336
1759	0.971167984336
1760	0.971167984336
1761	0.971167984336
1762	0.971167984336
1763	0.971167984336
1764	0.971167984336
1765	0.971167984336
1766	0.971167984336
1767	0.971167984336
1768	0.971167984336
1769	0.971167984336
1770	0.971167984336
1771	0.971167984336
1772	0.971167984336
1773	0.971167984336
1774	0.971167984336
1775	0.971167984336
1776	0.971167984336
1777	0.971167984336
1778	0.971167984336
1779	0.971167984336
1780	0.971167984336
1781	0.971167984336
1782	0.971167984336
1783	0.971167984336
1784	0.971167984336
1785	0.971167984336
1786	0.971167984336
1787	0.971167984336
1788	0.971167984336
1789	0.972146971609
1790	0.972146971609
1791	0.972146971609
1792	0.972146971609
1793	0.972146971609
1794	0.972146971609
1795	0.972146971609
1796	0.972146971609
1797	0.972146971609
1798	0.972146971609
1799	0.972146971609
1800	0.972146971609
1801	0.972146971609
1802	0.972146971609
1803	0.972146971609
1804	0.972146971609
1805	0.972146971609
1806	0.972146971609
1807	0.972146971609
1808	0.972146971609
1809	0.972146971609
1810	0.972146971609
1811	0.972146971609
1812	0.972146971609
1813	0.972146971609
1814	0.972146971609
1815	0.972146971609
1816	0.972146971609
1817	0.972146971609
1818	0.972146971609
1819	0.972146971609
1820	0.972146971609
1821	0.972146971609
1822	0.972146971609
1823	0.972146971609
1824	0.972146971609
1825	0.972146971609
1826	0.972146971609
1827	0.972146971609
1828	0.972146971609
1829	0.972146971609
1830	0.972146971609
1831	0.972146971609
1832	0.972146971609
1833	0.972146971609
1834	0.972146971609
1835	0.972146971609
1836	0.972146971609
1837	0.972146971609
1838	0.972146971609
1839	0.972146971609
1840	0.972146971609
1841	0.972146971609
1842	0.972146971609
1843	0.972146971609
1844	0.972146971609
1845	0.972146971609
1846	0.972146971609
1847	0.972146971609
1848	0.972146971609
1849	0.972146971609
1850	0.972146971609
1851	0.972146971609
1852	0.972146971609
1853	0.972146971609
1854	0.972146971609
1855	0.972146971609
1856	0.972146971609
1857	0.972146971609
1858	0.972146971609
1859	0.972146971609
1860	0.972146971609
1861	0.972146971609
1862	0.972146971609
1863	0.972146971609
1864	0.972146971609
1865	0.972146971609
1866	0.972146971609
1867	0.972146971609
1868	0.972146971609
1869	0.972146971609
1870	0.972146971609
1871	0.972146971609
1872	0.972146971609
1873	0.972146971609
1874	0.972146971609
1875	0.972146971609
1876	0.972146971609
1877	0.972146971609
1878	0.972146971609
1879	0.972146971609
1880	0.972146971609
1881	0.972146971609
1882	0.972146971609
1883	0.972146971609
1884	0.972146971609
1885	0.972146971609
1886	0.972146971609
1887	0.972146971609
1888	0.972146971609
1889	0.972146971609
1890	0.972146971609
1891	0.972146971609
1892	0.972146971609
1893	0.972146971609
1894	0.972146971609
1895	0.972146971609
1896	0.972146971609
1897	0.972146971609
1898	0.973126017622
1899	0.973126017622
1900	0.973126017622
1901	0.973126017622
1902	0.973126017622
1903	0.973126017622
1904	0.973126017622
1905	0.973126017622
1906	0.973126017622
1907	0.973126017622
1908	0.973126017622
1909	0.973126017622
1910	0.973126017622
1911	0.973126017622
1912	0.973126017622
1913	0.973126017622
1914	0.973126017622
1915	0.973126017622
1916	0.973126017622
1917	0.973126017622
1918	0.973126017622
1919	0.973126017622
1920	0.973126017622
1921	0.973126017622
1922	0.973126017622
1923	0.973126017622
1924	0.973126017622
1925	0.973126017622
1926	0.973126017622
1927	0.973126017622
1928	0.973126017622
1929	0.973126017622
1930	0.973126017622
1931	0.973126017622
1932	0.973126017622
1933	0.973126017622
1934	0.973126017622
1935	0.973126017622
1936	0.973126017622
1937	0.973126017622
1938	0.973126017622
1939	0.973126017622
1940	0.973126017622
1941	0.973126017622
1942	0.973126017622
1943	0.973126017622
1944	0.973126017622
1945	0.973126017622
1946	0.973126017622
1947	0.973126017622
1948	0.973126017622
1949	0.973126017622
1950	0.973126017622
1951	0.973126017622
1952	0.973126017622
1953	0.973126017622
1954	0.973126017622
1955	0.973126017622
1956	0.973126017622
1957	0.973126017622
1958	0.973126017622
1959	0.973126017622
1960	0.973126017622
1961	0.973126017622
1962	0.973126017622
1963	0.973126017622
1964	0.973126017622
1965	0.973126017622
1966	0.973126017622
1967	0.973126017622
1968	0.973126017622
1969	0.973126017622
1970	0.973126017622
1971	0.973126017622
1972	0.973126017622
1973	0.973126017622
1974	0.973126017622
1975	0.973126017622
1976	0.973126017622
1977	0.973126017622
1978	0.973126017622
1979	0.973126017622
1980	0.973126017622
1981	0.973126017622
1982	0.973126017622
1983	0.973126017622
1984	0.973126017622
1985	0.973126017622
1986	0.973126017622
1987	0.973126017622
1988	0.973126017622
1989	0.973126017622
1990	0.973126017622
1991	0.973126017622
1992	0.973126017622
1993	0.973126017622
1994	0.973126017622
1995	0.973126017622
1996	0.973126017622
1997	0.973126017622
1998	0.973126017622
1999	0.973126017622
2000	0.973126017622
2001	0.973126017622
2002	0.973126017622
2003	0.973126017622
2004	0.973126017622
2005	0.973126017622
2006	0.973126017622
2007	0.973126017622
2008	0.973126017622
2009	0.973126017622
2010	0.973126017622
2011	0.973126017622
2012	0.973126017622
2013	0.973126017622
2014	0.973126017622
2015	0.973126017622
2016	0.973126017622
2017	0.973126017622
2018	0.973126017622
2019	0.973126017622
2020	0.973126017622
2021	0.973126017622
2022	0.973126017622
2023	0.973126017622
2024	0.973126017622
2025	0.973126017622
2026	0.973126017622
2027	0.973126017622
2028	0.973126017622
2029	0.973126017622
2030	0.973126017622
2031	0.973126017622
2032	0.973126017622
2033	0.973126017622
2034	0.973126017622
2035	0.973126017622
2036	0.973126017622
2037	0.973126017622
2038	0.973126017622
2039	0.973126017622
2040	0.973126017622
2041	0.973126017622
2042	0.973126017622
2043	0.973126017622
2044	0.973126017622
2045	0.973126017622
2046	0.973126017622
2047	0.973126017622
2048	0.973126017622
2049	0.973126017622
2050	0.973126017622
2051	0.973126017622
2052	0.973126017622
2053	0.973126017622
2054	0.973126017622
2055	0.973126017622
2056	0.973126017622
2057	0.973126017622
2058	0.973126017622
2059	0.973126017622
2060	0.973126017622
2061	0.973126017622
2062	0.973126017622
2063	0.973126017622
2064	0.973126017622
2065	0.973126017622
2066	0.973126017622
2067	0.973126017622
2068	0.973126017622
2069	0.973126017622
2070	0.973126017622
2071	0.973126017622
2072	0.973126017622
2073	0.973126017622
2074	0.973126017622
2075	0.973126017622
2076	0.973126017622
2077	0.973126017622
2078	0.973126017622
2079	0.973126017622
2080	0.973126017622
2081	0.973126017622
2082	0.973126017622
2083	0.974105004895
2084	0.974105004895
2085	0.974105004895
2086	0.974105004895
2087	0.974105004895
2088	0.974105004895
2089	0.974105004895
2090	0.974105004895
2091	0.974105004895
2092	0.974105004895
2093	0.974105004895
2094	0.974105004895
2095	0.974105004895
2096	0.974105004895
2097	0.974105004895
2098	0.974105004895
2099	0.974105004895
2100	0.974105004895
2101	0.974105004895
2102	0.974105004895
2103	0.974105004895
2104	0.974105004895
2105	0.974105004895
2106	0.974105004895
2107	0.974105004895
2108	0.974105004895
2109	0.974105004895
2110	0.974105004895
2111	0.974105004895
2112	0.974105004895
2113	0.974105004895
2114	0.974105004895
2115	0.974105004895
2116	0.974105004895
2117	0.974105004895
2118	0.974105004895
2119	0.974105004895
2120	0.974105004895
2121	0.974105004895
2122	0.974105004895
2123	0.974105004895
2124	0.974105004895
2125	0.974105004895
2126	0.974105004895
2127	0.974105004895
2128	0.974105004895
2129	0.974105004895
2130	0.974105004895
2131	0.974105004895
2132	0.974105004895
2133	0.974105004895
2134	0.974105004895
2135	0.974105004895
2136	0.974105004895
2137	0.974105004895
2138	0.974105004895
2139	0.974105004895
2140	0.974105004895
2141	0.974105004895
2142	0.974105004895
2143	0.974105004895
2144	0.974105004895
2145	0.974105004895
2146	0.974105004895
2147	0.974105004895
2148	0.974105004895
2149	0.974105004895
2150	0.974105004895
2151	0.974105004895
2152	0.974105004895
2153	0.974105004895
2154	0.974105004895
2155	0.974105004895
2156	0.974105004895
2157	0.974105004895
2158	0.974105004895
2159	0.974105004895
2160	0.974105004895
2161	0.974105004895
2162	0.974105004895
2163	0.974105004895
2164	0.974105004895
2165	0.974105004895
2166	0.974105004895
2167	0.974105004895
2168	0.974105004895
2169	0.974105004895
2170	0.974105004895
2171	0.974105004895
2172	0.974105004895
2173	0.974105004895
2174	0.974105004895
2175	0.974105004895
2176	0.974105004895
2177	0.974105004895
2178	0.974105004895
2179	0.974105004895
2180	0.974105004895
2181	0.974105004895
2182	0.974105004895
2183	0.974105004895
2184	0.974105004895
2185	0.974105004895
2186	0.974105004895
2187	0.974105004895
2188	0.974105004895
2189	0.974105004895
2190	0.974105004895
2191	0.974105004895
2192	0.974105004895
2193	0.974105004895
2194	0.974105004895
2195	0.974105004895
2196	0.974105004895
2197	0.974105004895
2198	0.974105004895
2199	0.974105004895
2200	0.974105004895
2201	0.974105004895
2202	0.974105004895
2203	0.974105004895
2204	0.974105004895
2205	0.974105004895
2206	0.974105004895
2207	0.974105004895
2208	0.974105004895
2209	0.974105004895
2210	0.974105004895
2211	0.974105004895
2212	0.974105004895
2213	0.974105004895
2214	0.974105004895
2215	0.974105004895
2216	0.974105004895
2217	0.974105004895
2218	0.974105004895
2219	0.974105004895
2220	0.974105004895
2221	0.974105004895
2222	0.974105004895
2223	0.974105004895
2224	0.974105004895
2225	0.974105004895
2226	0.974105004895
2227	0.974105004895
2228	0.974105004895
2229	0.974105004895
2230	0.974105004895
2231	0.974105004895
2232	0.974105004895
2233	0.974105004895
2234	0.974105004895
2235	0.974105004895
2236	0.974105004895
2237	0.974105004895
2238	0.974105004895
2239	0.974105004895
2240	0.974105004895
2241	0.974105004895
2242	0.974105004895
2243	0.974105004895
2244	0.974105004895
2245	0.974105004895
2246	0.974105004895
2247	0.974105004895
2248	0.974105004895
2249	0.974105004895
2250	0.974105004895
2251	0.974105004895
2252	0.974105004895
2253	0.974105004895
2254	0.974105004895
2255	0.974105004895
2256	0.974105004895
2257	0.974105004895
2258	0.974105004895
2259	0.974105004895
2260	0.974105004895
2261	0.974105004895
2262	0.975083992168
2263	0.975083992168
2264	0.975083992168
2265	0.975083992168
2266	0.975083992168
2267	0.975083992168
2268	0.975083992168
2269	0.975083992168
2270	0.975083992168
2271	0.975083992168
2272	0.975083992168
2273	0.975083992168
2274	0.975083992168
2275	0.975083992168
2276	0.975083992168
2277	0.975083992168
2278	0.975083992168
2279	0.975083992168
2280	0.975083992168
2281	0.975083992168
2282	0.975083992168
2283	0.975083992168
2284	0.975083992168
2285	0.975083992168
2286	0.975083992168
2287	0.975083992168
2288	0.975083992168
2289	0.975083992168
2290	0.975083992168
2291	0.975083992168
2292	0.975083992168
2293	0.975083992168
2294	0.975083992168
2295	0.975083992168
2296	0.975083992168
2297	0.975083992168
2298	0.975083992168
2299	0.975083992168
2300	0.975083992168
2301	0.975083992168
2302	0.975083992168
2303	0.975083992168
2304	0.975083992168
2305	0.975083992168
2306	0.975083992168
2307	0.975083992168
2308	0.975083992168
2309	0.975083992168
2310	0.975083992168
2311	0.975083992168
2312	0.975083992168
2313	0.975083992168
2314	0.975083992168
2315	0.975083992168
2316	0.975083992168
2317	0.975083992168
2318	0.975083992168
2319	0.975083992168
2320	0.975083992168
2321	0.975083992168
2322	0.975083992168
2323	0.975083992168
2324	0.975083992168
2325	0.975083992168
2326	0.975083992168
2327	0.975083992168
2328	0.975083992168
2329	0.975083992168
2330	0.975083992168
2331	0.975083992168
2332	0.975083992168
2333	0.975083992168
2334	0.975083992168
2335	0.975083992168
2336	0.975083992168
2337	0.975083992168
2338	0.975083992168
2339	0.975083992168
2340	0.975083992168
2341	0.975083992168
2342	0.975083992168
2343	0.975083992168
2344	0.975083992168
2345	0.975083992168
2346	0.975083992168
2347	0.975083992168
2348	0.975083992168
2349	0.975083992168
2350	0.975083992168
2351	0.975083992168
2352	0.975083992168
2353	0.975083992168
2354	0.975083992168
2355	0.975083992168
2356	0.975083992168
2357	0.975083992168
2358	0.975083992168
2359	0.975083992168
2360	0.975083992168
2361	0.975083992168
2362	0.975083992168
2363	0.975083992168
2364	0.975083992168
2365	0.975083992168
2366	0.975083992168
2367	0.975083992168
2368	0.975083992168
2369	0.975083992168
2370	0.975083992168
2371	0.975083992168
2372	0.975083992168
2373	0.975083992168
2374	0.975083992168
2375	0.975083992168
2376	0.975083992168
2377	0.975083992168
2378	0.975083992168
2379	0.975083992168
2380	0.975083992168
2381	0.975083992168
2382	0.975083992168
2383	0.975083992168
2384	0.975083992168
2385	0.975083992168
2386	0.975083992168
2387	0.975083992168
2388	0.975083992168
2389	0.975083992168
2390	0.975083992168
2391	0.975083992168
2392	0.975083992168
2393	0.975083992168
2394	0.975083992168
2395	0.975083992168
2396	0.975083992168
2397	0.975083992168
2398	0.975083992168
2399	0.975083992168
2400	0.975083992168
2401	0.975083992168
2402	0.975083992168
2403	0.975083992168
2404	0.975083992168
2405	0.975083992168
2406	0.975083992168
2407	0.975083992168
2408	0.975083992168
2409	0.975083992168
2410	0.975083992168
2411	0.975083992168
2412	0.975083992168
2413	0.975083992168
2414	0.975083992168
2415	0.975083992168
2416	0.975083992168
2417	0.975083992168
2418	0.975083992168
2419	0.975083992168
2420	0.975083992168
2421	0.975083992168
2422	0.975083992168
2423	0.975083992168
2424	0.975083992168
2425	0.975083992168
2426	0.975083992168
2427	0.975083992168
2428	0.975083992168
2429	0.975083992168
2430	0.975083992168
2431	0.975083992168
2432	0.975083992168
2433	0.975083992168
2434	0.975083992168
2435	0.975083992168
2436	0.975083992168
2437	0.975083992168
2438	0.975083992168
2439	0.975083992168
2440	0.975083992168
2441	0.975083992168
2442	0.975083992168
2443	0.975083992168
2444	0.975083992168
2445	0.975083992168
2446	0.975083992168
2447	0.975083992168
2448	0.975083992168
2449	0.975083992168
2450	0.975083992168
2451	0.975083992168
2452	0.975083992168
2453	0.975083992168
2454	0.975083992168
2455	0.975083992168
2456	0.975083992168
2457	0.975083992168
2458	0.975083992168
2459	0.975083992168
2460	0.975083992168
2461	0.975083992168
2462	0.975083992168
2463	0.975083992168
2464	0.975083992168
2465	0.975083992168
2466	0.975083992168
2467	0.975083992168
2468	0.975083992168
2469	0.975083992168
2470	0.975083992168
2471	0.975083992168
2472	0.975083992168
2473	0.975083992168
2474	0.975083992168
2475	0.975083992168
2476	0.975083992168
2477	0.975083992168
2478	0.975083992168
2479	0.975083992168
2480	0.975083992168
2481	0.975083992168
2482	0.975083992168
2483	0.975083992168
2484	0.975083992168
2485	0.975083992168
2486	0.975083992168
2487	0.975083992168
2488	0.975083992168
2489	0.975083992168
2490	0.975083992168
2491	0.975083992168
2492	0.975083992168
2493	0.975083992168
2494	0.975083992168
2495	0.975083992168
2496	0.975083992168
2497	0.975083992168
2498	0.975083992168
2499	0.975083992168
2500	0.975083992168
2501	0.975083992168
2502	0.975083992168
2503	0.975083992168
2504	0.975083992168
2505	0.975083992168
2506	0.975083992168
2507	0.975083992168
2508	0.975083992168
2509	0.975083992168
2510	0.975083992168
2511	0.975083992168
2512	0.975083992168
2513	0.975083992168
2514	0.975083992168
2515	0.975083992168
2516	0.975083992168
2517	0.975083992168
2518	0.975083992168
2519	0.975083992168
2520	0.975083992168
2521	0.975083992168
2522	0.975083992168
2523	0.975083992168
2524	0.975083992168
2525	0.975083992168
2526	0.975083992168
2527	0.975083992168
2528	0.975083992168
2529	0.975083992168
2530	0.975083992168
2531	0.975083992168
2532	0.975083992168
2533	0.975083992168
2534	0.975083992168
2535	0.975083992168
2536	0.975083992168
2537	0.976062979441
2538	0.976062979441
2539	0.976062979441
2540	0.976062979441
2541	0.976062979441
2542	0.976062979441
2543	0.976062979441
2544	0.976062979441
2545	0.976062979441
2546	0.976062979441
2547	0.976062979441
2548	0.976062979441
2549	0.976062979441
2550	0.976062979441
2551	0.976062979441
2552	0.976062979441
2553	0.976062979441
2554	0.976062979441
2555	0.976062979441
2556	0.976062979441
2557	0.976062979441
2558	0.976062979441
2559	0.976062979441
2560	0.976062979441
2561	0.976062979441
2562	0.976062979441
2563	0.976062979441
2564	0.976062979441
2565	0.976062979441
2566	0.976062979441
2567	0.976062979441
2568	0.976062979441
2569	0.976062979441
2570	0.976062979441
2571	0.976062979441
2572	0.976062979441
2573	0.976062979441
2574	0.976062979441
2575	0.976062979441
2576	0.976062979441
2577	0.976062979441
2578	0.976062979441
2579	0.976062979441
2580	0.976062979441
2581	0.976062979441
2582	0.976062979441
2583	0.976062979441
2584	0.976062979441
2585	0.976062979441
2586	0.976062979441
2587	0.976062979441
2588	0.976062979441
2589	0.976062979441
2590	0.976062979441
2591	0.976062979441
2592	0.976062979441
2593	0.976062979441
2594	0.976062979441
2595	0.976062979441
2596	0.976062979441
2597	0.976062979441
2598	0.976062979441
2599	0.976062979441
2600	0.976062979441
2601	0.976062979441
2602	0.976062979441
2603	0.976062979441
2604	0.976062979441
2605	0.976062979441
2606	0.976062979441
2607	0.976062979441
2608	0.976062979441
2609	0.976062979441
2610	0.976062979441
2611	0.976062979441
2612	0.976062979441
2613	0.976062979441
2614	0.976062979441
2615	0.976062979441
2616	0.976062979441
2617	0.976062979441
2618	0.976062979441
2619	0.977042025454
2620	0.977042025454
2621	0.977042025454
2622	0.977042025454
2623	0.977042025454
2624	0.977042025454
2625	0.977042025454
2626	0.977042025454
2627	0.977042025454
2628	0.977042025454
2629	0.977042025454
2630	0.977042025454
2631	0.977042025454
2632	0.977042025454
2633	0.977042025454
2634	0.977042025454
2635	0.977042025454
2636	0.977042025454
2637	0.977042025454
2638	0.977042025454
2639	0.977042025454
2640	0.977042025454
2641	0.977042025454
2642	0.977042025454
2643	0.977042025454
2644	0.977042025454
2645	0.977042025454
2646	0.977042025454
2647	0.977042025454
2648	0.977042025454
2649	0.977042025454
2650	0.977042025454
2651	0.977042025454
2652	0.977042025454
2653	0.977042025454
2654	0.977042025454
2655	0.977042025454
2656	0.977042025454
2657	0.977042025454
2658	0.977042025454
2659	0.977042025454
2660	0.977042025454
2661	0.977042025454
2662	0.976062979441
2663	0.976062979441
2664	0.976062979441
2665	0.976062979441
2666	0.977042025454
2667	0.977042025454
2668	0.977042025454
2669	0.977042025454
2670	0.977042025454
2671	0.977042025454
2672	0.977042025454
2673	0.977042025454
2674	0.977042025454
2675	0.977042025454
2676	0.977042025454
2677	0.977042025454
2678	0.977042025454
2679	0.977042025454
2680	0.977042025454
2681	0.977042025454
2682	0.977042025454
2683	0.977042025454
2684	0.977042025454
2685	0.977042025454
2686	0.977042025454
2687	0.977042025454
2688	0.977042025454
2689	0.977042025454
2690	0.977042025454
2691	0.977042025454
2692	0.977042025454
2693	0.977042025454
2694	0.977042025454
2695	0.977042025454
2696	0.977042025454
2697	0.977042025454
2698	0.977042025454
2699	0.977042025454
2700	0.977042025454
2701	0.977042025454
2702	0.977042025454
2703	0.977042025454
2704	0.977042025454
2705	0.977042025454
2706	0.976062979441
2707	0.976062979441
2708	0.976062979441
2709	0.977042025454
2710	0.977042025454
2711	0.977042025454
2712	0.977042025454
2713	0.977042025454
2714	0.977042025454
2715	0.977042025454
2716	0.977042025454
2717	0.977042025454
2718	0.977042025454
2719	0.977042025454
2720	0.977042025454
2721	0.977042025454
2722	0.977042025454
2723	0.977042025454
2724	0.977042025454
2725	0.977042025454
2726	0.977042025454
2727	0.977042025454
2728	0.977042025454
2729	0.977042025454
2730	0.977042025454
2731	0.977042025454
2732	0.977042025454
2733	0.977042025454
2734	0.977042025454
2735	0.977042025454
2736	0.977042025454
2737	0.977042025454
2738	0.977042025454
2739	0.977042025454
2740	0.977042025454
2741	0.977042025454
2742	0.977042025454
2743	0.977042025454
2744	0.977042025454
2745	0.977042025454
2746	0.977042025454
2747	0.977042025454
2748	0.977042025454
2749	0.977042025454
2750	0.977042025454
2751	0.977042025454
2752	0.977042025454
2753	0.977042025454
2754	0.977042025454
2755	0.977042025454
2756	0.977042025454
2757	0.977042025454
2758	0.977042025454
2759	0.977042025454
2760	0.977042025454
2761	0.977042025454
2762	0.977042025454
2763	0.977042025454
2764	0.977042025454
2765	0.977042025454
2766	0.977042025454
2767	0.977042025454
2768	0.977042025454
2769	0.977042025454
2770	0.978021012727
2771	0.978021012727
2772	0.978021012727
2773	0.978021012727
2774	0.978021012727
2775	0.978021012727
2776	0.978021012727
2777	0.978021012727
2778	0.978021012727
2779	0.978021012727
2780	0.978021012727
2781	0.978021012727
2782	0.978021012727
2783	0.978021012727
2784	0.978021012727
2785	0.979
2786	0.979
2787	0.979
2788	0.979
2789	0.979
2790	0.979
2791	0.979
2792	0.979
2793	0.979
2794	0.979
2795	0.979
2796	0.979
2797	0.979
2798	0.979
2799	0.979
2800	0.979
2801	0.979
2802	0.979
2803	0.979
2804	0.979
2805	0.979
2806	0.979
2807	0.979
2808	0.979
2809	0.979
2810	0.979
2811	0.979
2812	0.979
2813	0.979
2814	0.979
2815	0.979
2816	0.979
2817	0.979
2818	0.979
2819	0.979
2820	0.979
2821	0.979
2822	0.979
2823	0.979
2824	0.979
2825	0.979
2826	0.979
2827	0.979
2828	0.979
2829	0.979
2830	0.979
2831	0.979
2832	0.979
2833	0.979
2834	0.979
2835	0.979
2836	0.979
2837	0.979
2838	0.979
2839	0.979
2840	0.979
2841	0.979
2842	0.979
2843	0.979
2844	0.979
2845	0.979
2846	0.979
2847	0.979
2848	0.979
2849	0.979
2850	0.979
2851	0.979
2852	0.979
2853	0.979
2854	0.979
2855	0.979
2856	0.979
2857	0.979
2858	0.979
2859	0.979
2860	0.979
2861	0.979
2862	0.979
2863	0.979
2864	0.979
2865	0.979
2866	0.979
2867	0.979
2868	0.979
2869	0.979
2870	0.979
2871	0.979
2872	0.979
2873	0.979
2874	0.978021012727
2875	0.978021012727
2876	0.978021012727
2877	0.978021012727
2878	0.978021012727
2879	0.978021012727
2880	0.978021012727
2881	0.978021012727
2882	0.978021012727
2883	0.977042025454
2884	0.977042025454
2885	0.977042025454
2886	0.977042025454
2887	0.977042025454
2888	0.977042025454
2889	0.977042025454
2890	0.977042025454
2891	0.977042025454
2892	0.976062979441
2893	0.976062979441
2894	0.976062979441
2895	0.976062979441
2896	0.976062979441
2897	0.976062979441
2898	0.976062979441
2899	0.975083992168
2900	0.975083992168
2901	0.975083992168
2902	0.975083992168
2903	0.975083992168
2904	0.974105004895
2905	0.974105004895
2906	0.974105004895
2907	0.974105004895
2908	0.973126017622
2909	0.973126017622
2910	0.973126017622
2911	0.973126017622
2912	0.973126017622
2913	0.972146971609
2914	0.972146971609
2915	0.972146971609
2916	0.972146971609
2917	0.972146971609
2918	0.972146971609
2919	0.972146971609
2920	0.972146971609
2921	0.971167984336
2922	0.971167984336
2923	0.971167984336
2924	0.971167984336
2925	0.971167984336
2926	0.971167984336
2927	0.971167984336
2928	0.971167984336
2929	0.971167984336
2930	0.971167984336
2931	0.971167984336
2932	0.971167984336
2933	0.971167984336
2934	0.971167984336
2935	0.972146971609
2936	0.972146971609
2937	0.972146971609
2938	0.972146971609
2939	0.972146971609
2940	0.972146971609
2941	0.972146971609
2942	0.972146971609
2943	0.972146971609
2944	0.972146971609
2945	0.972146971609
2946	0.972146971609
2947	0.972146971609
2948	0.972146971609
2949	0.972146971609
2950	0.972146971609
2951	0.972146971609
2952	0.972146971609
2953	0.972146971609
2954	0.972146971609
2955	0.972146971609
2956	0.972146971609
2957	0.972146971609
2958	0.972146971609
2959	0.972146971609
2960	0.972146971609
2961	0.972146971609
2962	0.972146971609
2963	0.972146971609
2964	0.972146971609
2965	0.972146971609
2966	0.972146971609
2967	0.972146971609
2968	0.972146971609
2969	0.972146971609
2970	0.972146971609
2971	0.972146971609
2972	0.972146971609
2973	0.972146971609
2974	0.972146971609
2975	0.972146971609
2976	0.972146971609
2977	0.972146971609
2978	0.972146971609
2979	0.972146971609
2980	0.972146971609
2981	0.972146971609
2982	0.972146971609
2983	0.972146971609
2984	0.972146971609
2985	0.972146971609
2986	0.972146971609
2987	0.972146971609
2988	0.972146971609
2989	0.972146971609
2990	0.972146971609
2991	0.972146971609
2992	0.972146971609
2993	0.972146971609
2994	0.972146971609
2995	0.972146971609
2996	0.972146971609
2997	0.972146971609
2998	0.972146971609
2999	0.972146971609
3000	0.972146971609
3001	0.972146971609
3002	0.972146971609
3003	0.972146971609
3004	0.972146971609
3005	0.972146971609
3006	0.972146971609
3007	0.972146971609
3008	0.972146971609
3009	0.972146971609
3010	0.972146971609
3011	0.972146971609
3012	0.972146971609
3013	0.972146971609
3014	0.972146971609
3015	0.972146971609
3016	0.972146971609
3017	0.972146971609
3018	0.972146971609
3019	0.972146971609
3020	0.972146971609
3021	0.972146971609
3022	0.972146971609
3023	0.972146971609
3024	0.972146971609
3025	0.972146971609
3026	0.972146971609
3027	0.972146971609
3028	0.972146971609
3029	0.972146971609
3030	0.972146971609
3031	0.972146971609
3032	0.972146971609
3033	0.972146971609
3034	0.972146971609
3035	0.972146971609
3036	0.972146971609
3037	0.972146971609
3038	0.972146971609
3039	0.972146971609
3040	0.972146971609
3041	0.972146971609
3042	0.972146971609
3043	0.972146971609
3044	0.972146971609
3045	0.972146971609
3046	0.972146971609
3047	0.972146971609
3048	0.972146971609
3049	0.972146971609
3050	0.972146971609
3051	0.972146971609
3052	0.972146971609
3053	0.972146971609
3054	0.972146971609
3055	0.972146971609
3056	0.972146971609
3057	0.972146971609
3058	0.972146971609
3059	0.972146971609
3060	0.972146971609
3061	0.972146971609
3062	0.973126017622
3063	0.973126017622
3064	0.973126017622
3065	0.973126017622
3066	0.973126017622
3067	0.973126017622
3068	0.973126017622
3069	0.973126017622
3070	0.973126017622
3071	0.973126017622
3072	0.973126017622
3073	0.973126017622
3074	0.973126017622
3075	0.973126017622
3076	0.973126017622
3077	0.973126017622
3078	0.973126017622
3079	0.973126017622
3080	0.973126017622
3081	0.973126017622
3082	0.973126017622
3083	0.973126017622
3084	0.973126017622
3085	0.973126017622
3086	0.973126017622
3087	0.973126017622
3088	0.973126017622
3089	0.973126017622
3090	0.973126017622
3091	0.973126017622
3092	0.973126017622
3093	0.973126017622
3094	0.973126017622
3095	0.973126017622
3096	0.973126017622
3097	0.973126017622
3098	0.973126017622
3099	0.973126017622
3100	0.973126017622
3101	0.973126017622
3102	0.973126017622
3103	0.973126017622
3104	0.973126017622
3105	0.973126017622
3106	0.973126017622
3107	0.973126017622
3108	0.973126017622
3109	0.973126017622
3110	0.973126017622
3111	0.973126017622
3112	0.973126017622
3113	0.973126017622
3114	0.973126017622
3115	0.973126017622
3116	0.973126017622
3117	0.973126017622
3118	0.973126017622
3119	0.973126017622
3120	0.973126017622
3121	0.973126017622
3122	0.973126017622
3123	0.973126017622
3124	0.973126017622
3125	0.973126017622
3126	0.973126017622
3127	0.973126017622
3128	0.973126017622
3129	0.973126017622
3130	0.973126017622
3131	0.973126017622
3132	0.973126017622
3133	0.973126017622
3134	0.973126017622
3135	0.973126017622
3136	0.973126017622
3137	0.973126017622
3138	0.973126017622
3139	0.973126017622
3140	0.973126017622
3141	0.973126017622
3142	0.973126017622
3143	0.973126017622
3144	0.973126017622
3145	0.973126017622
3146	0.973126017622
3147	0.973126017622
3148	0.973126017622
3149	0.973126017622
3150	0.973126017622
3151	0.973126017622
3152	0.973126017622
3153	0.973126017622
3154	0.973126017622
3155	0.973126017622
3156	0.973126017622
3157	0.973126017622
3158	0.973126017622
3159	0.973126017622
3160	0.973126017622
3161	0.973126017622
3162	0.973126017622
3163	0.973126017622
3164	0.973126017622
3165	0.973126017622
3166	0.973126017622
3167	0.973126017622
3168	0.973126017622
3169	0.973126017622
3170	0.973126017622
3171	0.973126017622
3172	0.973126017622
3173	0.973126017622
3174	0.973126017622
3175	0.973126017622
3176	0.973126017622
3177	0.973126017622
3178	0.973126017622
3179	0.973126017622
3180	0.973126017622
3181	0.973126017622
3182	0.973126017622
3183	0.973126017622
3184	0.973126017622
3185	0.973126017622
3186	0.973126017622
3187	0.973126017622
3188	0.973126017622
3189	0.973126017622
3190	0.973126017622
3191	0.973126017622
3192	0.973126017622
3193	0.973126017622
3194	0.973126017622
3195	0.973126017622
3196	0.973126017622
3197	0.973126017622
3198	0.973126017622
3199	0.973126017622
3200	0.973126017622
