RIF06 after 5 Dic 1994 misura V-W corretta feb/2020
#####SCALEDA
190.
3200.
3011
190	0.772000015
191	0.773000002
192	0.774999976
193	0.776000023
194	0.777999997
195	0.779999971
196	0.782000005
197	0.783999979
198	0.786000013
199	0.788999975
200	0.791000009
201	0.79400003
202	0.796999991
203	0.800000012
204	0.801999986
205	0.805000007
206	0.808000028
207	0.811999977
208	0.814999998
209	0.818000019
210	0.82099998
211	0.824000001
212	0.827000022
213	0.829999983
214	0.833000004
215	0.834999979
216	0.838
217	0.839999974
218	0.842999995
219	0.845000029
220	0.847000003
221	0.848999977
222	0.851000011
223	0.852999985
224	0.853999972
225	0.856000006
226	0.85799998
227	0.859000027
228	0.860000014
229	0.861999989
230	0.862999976
231	0.864000022
232	0.86500001
233	0.865999997
234	0.866999984
235	0.867999971
236	0.869000018
237	0.870000005
238	0.870999992
239	0.871999979
240	0.873000026
241	0.873000026
242	0.874000013
243	0.875
244	0.875
245	0.875999987
246	0.875999987
247	0.876999974
248	0.876999974
249	0.878000021
250	0.878000021
251	0.878000021
252	0.879000008
253	0.879000008
254	0.879000008
255	0.879000008
256	0.879000008
257	0.879999995
258	0.879999995
259	0.879999995
260	0.879999995
261	0.879999995
262	0.879999995
263	0.879999995
264	0.879999995
265	0.879999995
266	0.879999995
267	0.879999995
268	0.879999995
269	0.879999995
270	0.879000008
271	0.879000008
272	0.879000008
273	0.879000008
274	0.879000008
275	0.879000008
276	0.878000021
277	0.878000021
278	0.878000021
279	0.878000021
280	0.878000021
281	0.876999974
282	0.876999974
283	0.876999974
284	0.876999974
285	0.875999987
286	0.875999987
287	0.875999987
288	0.875999987
289	0.875
290	0.875
291	0.875
292	0.875
293	0.874000013
294	0.874000013
295	0.874000013
296	0.873000026
297	0.873000026
298	0.873000026
299	0.871999979
300	0.871999979
301	0.871999979
302	0.871999979
303	0.870999992
304	0.870999992
305	0.870999992
306	0.870000005
307	0.870000005
308	0.870000005
309	0.870000005
310	0.870000005
311	0.869000018
312	0.869000018
313	0.869000018
314	0.869000018
315	0.867999971
316	0.867999971
317	0.867999971
318	0.867999971
319	0.867999971
320	0.867999971
321	0.866999984
322	0.866999984
323	0.866999984
324	0.866999984
325	0.866999984
326	0.865999997
327	0.865999997
328	0.865999997
329	0.865999997
330	0.865999997
331	0.86500001
332	0.86500001
333	0.86500001
334	0.86500001
335	0.864000022
336	0.864000022
337	0.864000022
338	0.864000022
339	0.862999976
340	0.862999976
341	0.862999976
342	0.861999989
343	0.861999989
344	0.861999989
345	0.861000001
346	0.861000001
347	0.861000001
348	0.861000001
349	0.860000014
350	0.860000014
351	0.860000014
352	0.860000014
353	0.859000027
354	0.859000027
355	0.859000027
356	0.859000027
357	0.859000027
358	0.85799998
359	0.85799998
360	0.85799998
361	0.85799998
362	0.85799998
363	0.85799998
364	0.856999993
365	0.856999993
366	0.856999993
367	0.856999993
368	0.856999993
369	0.856999993
370	0.856000006
371	0.856000006
372	0.856000006
373	0.856000006
374	0.856000006
375	0.856000006
376	0.856000006
377	0.856000006
378	0.855000019
379	0.855000019
380	0.855000019
381	0.855000019
382	0.855000019
383	0.855000019
384	0.855000019
385	0.855000019
386	0.855000019
387	0.853999972
388	0.853999972
389	0.853999972
390	0.853999972
391	0.853999972
392	0.853999972
393	0.853999972
394	0.853999972
395	0.853999972
396	0.853999972
397	0.853999972
398	0.853999972
399	0.853999972
400	0.853999972
401	0.853999972
402	0.853999972
403	0.853999972
404	0.853999972
405	0.852999985
406	0.852999985
407	0.852999985
408	0.852999985
409	0.852999985
410	0.852999985
411	0.852999985
412	0.852999985
413	0.852999985
414	0.852999985
415	0.852999985
416	0.852999985
417	0.852999985
418	0.852999985
419	0.852999985
420	0.852999985
421	0.852999985
422	0.852999985
423	0.852999985
424	0.852999985
425	0.852999985
426	0.852999985
427	0.852999985
428	0.852999985
429	0.852999985
430	0.852999985
431	0.852999985
432	0.852999985
433	0.852999985
434	0.852999985
435	0.852999985
436	0.852999985
437	0.852999985
438	0.852999985
439	0.853999972
440	0.853999972
441	0.853999972
442	0.853999972
443	0.853999972
444	0.853999972
445	0.853999972
446	0.853999972
447	0.853999972
448	0.853999972
449	0.853999972
450	0.853999972
451	0.853999972
452	0.853999972
453	0.853999972
454	0.853999972
455	0.853999972
456	0.853999972
457	0.853999972
458	0.853999972
459	0.853999972
460	0.853999972
461	0.853999972
462	0.853999972
463	0.853999972
464	0.853999972
465	0.855000019
466	0.855000019
467	0.855000019
468	0.855000019
469	0.855000019
470	0.855000019
471	0.855000019
472	0.855000019
473	0.855000019
474	0.855000019
475	0.855000019
476	0.855000019
477	0.855000019
478	0.855000019
479	0.856000006
480	0.856000006
481	0.856000006
482	0.856000006
483	0.856000006
484	0.856000006
485	0.856000006
486	0.856000006
487	0.856000006
488	0.856000006
489	0.856000006
490	0.856000006
491	0.856000006
492	0.856000006
493	0.856999993
494	0.856999993
495	0.856999993
496	0.856999993
497	0.856999993
498	0.856999993
499	0.856999993
500	0.856999993
501	0.856999993
502	0.856999993
503	0.856999993
504	0.856999993
505	0.856999993
506	0.856999993
507	0.856999993
508	0.856999993
509	0.856999993
510	0.856999993
511	0.856999993
512	0.856999993
513	0.856999993
514	0.856999993
515	0.85799998
516	0.85799998
517	0.85799998
518	0.85799998
519	0.85799998
520	0.85799998
521	0.85799998
522	0.85799998
523	0.85799998
524	0.85799998
525	0.85799998
526	0.85799998
527	0.85799998
528	0.85799998
529	0.85799998
530	0.859000027
531	0.859000027
532	0.859000027
533	0.859000027
534	0.859000027
535	0.859000027
536	0.859000027
537	0.859000027
538	0.859000027
539	0.859000027
540	0.859000027
541	0.859000027
542	0.859000027
543	0.859000027
544	0.859000027
545	0.859000027
546	0.859000027
547	0.860000014
548	0.860000014
549	0.860000014
550	0.860000014
551	0.860000014
552	0.860000014
553	0.860000014
554	0.860000014
555	0.860000014
556	0.860000014
557	0.860000014
558	0.860000014
559	0.860000014
560	0.860000014
561	0.860000014
562	0.860000014
563	0.860000014
564	0.860000014
565	0.860000014
566	0.860000014
567	0.860000014
568	0.860000014
569	0.860000014
570	0.860000014
571	0.860000014
572	0.860000014
573	0.860000014
574	0.860000014
575	0.860000014
576	0.860000014
577	0.860000014
578	0.860000014
579	0.860000014
580	0.860000014
581	0.860000014
582	0.860000014
583	0.860000014
584	0.860000014
585	0.860000014
586	0.860000014
587	0.860000014
588	0.860000014
589	0.860000014
590	0.860000014
591	0.860000014
592	0.860000014
593	0.860000014
594	0.860000014
595	0.860000014
596	0.860000014
597	0.860000014
598	0.860000014
599	0.860000014
600	0.860000014
601	0.860000014
602	0.860000014
603	0.860000014
604	0.860000014
605	0.860000014
606	0.860000014
607	0.860000014
608	0.860000014
609	0.860000014
610	0.860000014
611	0.860000014
612	0.860000014
613	0.860000014
614	0.860000014
615	0.860000014
616	0.860000014
617	0.860000014
618	0.860000014
619	0.860000014
620	0.859000027
621	0.859000027
622	0.859000027
623	0.859000027
624	0.859000027
625	0.859000027
626	0.859000027
627	0.859000027
628	0.859000027
629	0.859000027
630	0.859000027
631	0.859000027
632	0.859000027
633	0.859000027
634	0.859000027
635	0.859000027
636	0.859000027
637	0.859000027
638	0.859000027
639	0.85799998
640	0.85799998
641	0.85799998
642	0.85799998
643	0.85799998
644	0.85799998
645	0.85799998
646	0.85799998
647	0.85799998
648	0.85799998
649	0.85799998
650	0.85799998
651	0.85799998
652	0.856999993
653	0.856999993
654	0.856999993
655	0.856999993
656	0.856999993
657	0.856999993
658	0.856999993
659	0.856999993
660	0.856999993
661	0.856999993
662	0.856999993
663	0.856000006
664	0.856000006
665	0.856000006
666	0.856000006
667	0.856000006
668	0.856000006
669	0.856000006
670	0.856000006
671	0.856000006
672	0.855000019
673	0.855000019
674	0.855000019
675	0.855000019
676	0.855000019
677	0.855000019
678	0.855000019
679	0.855000019
680	0.853999972
681	0.853999972
682	0.853999972
683	0.853999972
684	0.853999972
685	0.853999972
686	0.853999972
687	0.853999972
688	0.852999985
689	0.852999985
690	0.852999985
691	0.852999985
692	0.852999985
693	0.852999985
694	0.851999998
695	0.851999998
696	0.851999998
697	0.851999998
698	0.851999998
699	0.851999998
700	0.851999998
701	0.851000011
702	0.851000011
703	0.851000011
704	0.851000011
705	0.851000011
706	0.850000024
707	0.850000024
708	0.850000024
709	0.850000024
710	0.850000024
711	0.850000024
712	0.848999977
713	0.848999977
714	0.848999977
715	0.848999977
716	0.848999977
717	0.84799999
718	0.84799999
719	0.84799999
720	0.84799999
721	0.847000003
722	0.847000003
723	0.847000003
724	0.847000003
725	0.847000003
726	0.846000016
727	0.846000016
728	0.846000016
729	0.846000016
730	0.845000029
731	0.845000029
732	0.845000029
733	0.845000029
734	0.843999982
735	0.843999982
736	0.843999982
737	0.843999982
738	0.842999995
739	0.842999995
740	0.842999995
741	0.842000008
742	0.842000008
743	0.842000008
744	0.842000008
745	0.841000021
746	0.841000021
747	0.841000021
748	0.839999974
749	0.839999974
750	0.839999974
751	0.838999987
752	0.838999987
753	0.838999987
754	0.838
755	0.838
756	0.838
757	0.837000012
758	0.837000012
759	0.837000012
760	0.836000025
761	0.836000025
762	0.836000025
763	0.834999979
764	0.834999979
765	0.834999979
766	0.833999991
767	0.833999991
768	0.833000004
769	0.833000004
770	0.833000004
771	0.832000017
772	0.832000017
773	0.83099997
774	0.83099997
775	0.83099997
776	0.829999983
777	0.829999983
778	0.828999996
779	0.828999996
780	0.828999996
781	0.828000009
782	0.828000009
783	0.827000022
784	0.827000022
785	0.827000022
786	0.825999975
787	0.825999975
788	0.824999988
789	0.824999988
790	0.824999988
791	0.824000001
792	0.824000001
793	0.824000001
794	0.823000014
795	0.823000014
796	0.822000027
797	0.822000027
798	0.822000027
799	0.82099998
800	0.82099998
801	0.82099998
802	0.819999993
803	0.819999993
804	0.819999993
805	0.819000006
806	0.819000006
807	0.819000006
808	0.819000006
809	0.818000019
810	0.818000019
811	0.818000019
812	0.818000019
813	0.818000019
814	0.8169999719999
815	0.8169999719992
816	0.8169999719951
817	0.8169999719772
818	0.8169999719134
819	0.8169999717188
820	0.8169999711936
821	0.8169999699085
822	0.8169999670072
823	0.8169999608835
824	0.8159999617039
825	0.8159999385576
826	0.8159998964474
827	0.8159998226363
828	0.8169996840918
829	0.8169994776203
830	0.816999146309
831	0.8169986270705
832	0.8169978305081
833	0.8169966320306
834	0.8169948606117
835	0.8169922847367
836	0.8179886281028
837	0.8179834097051
838	0.8179761332334
839	0.8179661091656
840	0.8179524561674
841	0.8189339654155
842	0.8189093971464
843	0.8188769456029
844	0.8198342668884
845	0.8197791400376
846	0.8207079299339
847	0.8206175903866
848	0.8215029912072
849	0.8223593633831
850	0.822182121205
851	0.8229632994379
852	0.8236970620203
853	0.8243765980999
854	0.8249953145439
855	0.8255470479746
856	0.8270233744928
857	0.8274276675644
858	0.8277562850916
859	0.8280113019
860	0.8291912713069
861	0.8293179525305
862	0.8303880170187
863	0.8304329308987
864	0.8314493003556
865	0.8314750079
866	0.8325020693233
867	0.8335562478582
868	0.8336652748501
869	0.834808083106
870	0.835023674452
871	0.8362813910106
872	0.8375995229635
873	0.8379975535857
874	0.8394341771347
875	0.8409256374201
876	0.8414895559646
877	0.8430791612797
878	0.8437335274017
879	0.8454041002527
880	0.8461315940029
881	0.8468897875806
882	0.8486516901151
883	0.8494605663894
884	0.8502903192022
885	0.8511383254862
886	0.8520023247778
887	0.8528801600582
888	0.8537701025583
889	0.854670590968
890	0.8555802645308
891	0.8564979978001
892	0.857422644759
893	0.8583533703978
894	0.8592893990872
895	0.8602301161625
896	0.8611748202567
897	0.8621230625427
898	0.8630744023084
899	0.863053267734
900	0.8640097252961
901	0.8649683282527
902	0.8659287101339
903	0.8668907093726
904	0.866879027577
905	0.8678437182557
906	0.8688095172845
907	0.8697763547687
908	0.8697689365639
909	0.8707373590231
910	0.8717064625865
911	0.8726761710441
912	0.8736464758032
913	0.8746172007212
914	0.8746133220927
915	0.875584857781
916	0.8765567327239
917	0.8775289108864
918	0.878501418838
919	0.8784990972037
920	0.8794720097502
921	0.8804451175217
922	0.8814184006439
923	0.8823918414147
924	0.8833654825515
925	0.8833641899981
926	0.8843380169036
927	0.8853119476338
928	0.8862859721288
929	0.8872601398767
930	0.888234325795
931	0.8882335843974
932	0.88920790338
933	0.890182280319
934	0.8911567079994
935	0.8921312401799
936	0.8921307639337
937	0.8931053215865
938	0.8940799135887
939	0.8940795454876
940	0.8950541993829
941	0.8960289385191
942	0.8970036435698
943	0.8970033799463
944	0.8979781279618
945	0.8989528946153
946	0.898952688082
947	0.8999274876369
948	0.8999273116525
949	0.9009021973265
950	0.9018770365379
951	0.9018768974412
952	0.9028517580072
953	0.9038266279052
954	0.9038265174128
955	0.9048014039122
956	0.9048013089211
957	0.9057762679925
958	0.9057761861583
959	0.9067510986845
960	0.9077260164654
961	0.9077259507475
962	0.9087008779336
963	0.9087008210371
964	0.9096758147567
965	0.9096757654045
966	0.9106507075
967	0.9106506646128
968	0.9116256126055
969	0.9116255752694
970	0.9126005293048
971	0.9126004967443
972	0.9135754541678
973	0.9135754257237
974	0.9145504444357
975	0.9145504195461
976	0.9155253839853
977	0.9155253621706
978	0.9155253417465
979	0.9165003112501
980	0.9165002933069
981	0.9174752641092
982	0.9174752483214
983	0.9184502211003
984	0.9184502071882
985	0.9184501941283
986	0.9194252279112
987	0.9194252163778
988	0.9204001930628
989	0.9204001828631
990	0.9204001732713
991	0.921375151741
992	0.9213751432409
993	0.9223501227147
994	0.922350115172
995	0.922350108067
996	0.923325147325
997	0.9233251410079
998	0.9233251350518
999	0.924300116868
1000	0.9243001115623
1001	0.9243001065552
1002	0.9252750892462
1003	0.9252750847778
1004	0.9252750805569
1005	0.9262500639734
1006	0.9262500601999
1007	0.9262500566324
1008	0.9272250406521
1009	0.9272250374573
1010	0.9272250344343
1011	0.928200077457
1012	0.9282000747453
1013	0.9282000721774
1014	0.9291750571206
1015	0.9291750548134
1016	0.9291750526267
1017	0.9291750505538
1018	0.9301500359549
1019	0.9301500340885
1020	0.9301500323178
1021	0.9311250179986
1022	0.931125016402
1023	0.9311250148861
1024	0.9311250134465
1025	0.932099999434
1026	0.9320999981334
1027	0.9320999968973
1028	0.9320999957223
1029	0.9330750404552
1030	0.9330750393916
1031	0.93307503838
1032	0.9330750374174
1033	0.9340500238473
1034	0.9340500229744
1035	0.9340500221434
1036	0.9340500213521
1037	0.9350250079408
1038	0.9350250072219
1039	0.9350250065369
1040	0.9350250058841
1041	0.9359999935764
1042	0.9359999929823
1043	0.9359999924158
1044	0.9359999918754
1045	0.9369750362221
1046	0.9369750357296
1047	0.9369750352595
1048	0.9369750348107
1049	0.9369750343822
1050	0.9379500213079
1051	0.9379500209166
1052	0.9379500205428
1053	0.9379500201855
1054	0.9379500198441
1055	0.9389250078259
1056	0.9389250075135
1057	0.9389250072148
1058	0.9389250069291
1059	0.9389250066558
1060	0.9398999937259
1061	0.9398999934754
1062	0.9398999932357
1063	0.9398999930062
1064	0.9398999927864
1065	0.9408749799064
1066	0.9408749797047
1067	0.9408749795114
1068	0.9408749793262
1069	0.9408749791488
1070	0.9408749789787
1071	0.941850024645
1072	0.9418500244886
1073	0.9418500243385
1074	0.9418500241947
1075	0.9418500240567
1076	0.9418500239243
1077	0.9428250111257
1078	0.9428250110037
1079	0.9428250108865
1080	0.9428250107741
1081	0.9428250106662
1082	0.9428250105625
1083	0.9437999977907
1084	0.943799997695
1085	0.9437999976031
1086	0.9437999975147
1087	0.9437999974299
1088	0.9437999973483
1089	0.9437999972699
1090	0.9447749845216
1091	0.9447749844491
1092	0.9447749843793
1093	0.9447749843122
1094	0.9447749842477
1095	0.9447749841856
1096	0.9457500299526
1097	0.945750029895
1098	0.9457500298396
1099	0.9457500297863
1100	0.945750029735
1101	0.9457500296856
1102	0.945750029638
1103	0.9457500295922
1104	0.9467250168744
1105	0.9467250168319
1106	0.9467250167909
1107	0.9467250167514
1108	0.9467250167133
1109	0.9467250166766
1110	0.9467250166413
1111	0.9467250166072
1112	0.9477000039004
1113	0.9477000038686
1114	0.9477000038381
1115	0.9477000038086
1116	0.9477000037801
1117	0.9477000037527
1118	0.9477000037262
1119	0.9477000037006
1120	0.9486749910017
1121	0.9486749909779
1122	0.9486749909549
1123	0.9486749909327
1124	0.9486749909113
1125	0.9486749908906
1126	0.9486749908706
1127	0.9486749908513
1128	0.9486749908327
1129	0.9496499781402
1130	0.9496499781228
1131	0.949649978106
1132	0.9496499780897
1133	0.949649978074
1134	0.9496499780588
1135	0.9496499780441
1136	0.9496499780299
1137	0.9496499780162
1138	0.9496499780029
1139	0.9506250238155
1140	0.9506250238031
1141	0.9506250237911
1142	0.9506250237795
1143	0.9506250237682
1144	0.9506250237574
1145	0.9506250237468
1146	0.9506250237367
1147	0.9506250237268
1148	0.9506250237173
1149	0.9516000110333
1150	0.9516000110244
1151	0.9516000110157
1152	0.9516000110073
1153	0.9516000109992
1154	0.9516000109913
1155	0.9516000109837
1156	0.9516000109763
1157	0.9516000109692
1158	0.9516000109623
1159	0.9516000109555
1160	0.9525749982743
1161	0.952574998268
1162	0.9525749982619
1163	0.9525749982559
1164	0.9525749982502
1165	0.9525749982446
1166	0.9525749982392
1167	0.952574998234
1168	0.9525749982289
1169	0.952574998224
1170	0.9525749982192
1171	0.9525749982146
1172	0.9535499855353
1173	0.9535499855309
1174	0.9535499855267
1175	0.9535499855226
1176	0.9535499855186
1177	0.9535499855147
1178	0.953549985511
1179	0.9535499855073
1180	0.9535499855038
1181	0.9535499855004
1182	0.953549985497
1183	0.9535499854938
1184	0.9535499854907
1185	0.9535499854876
1186	0.9545249728098
1187	0.9545249728069
1188	0.9545249728041
1189	0.9545249728014
1190	0.9545249727987
1191	0.9545249727962
1192	0.9545249727937
1193	0.9545249727913
1194	0.9545249727889
1195	0.9545249727866
1196	0.9545249727844
1197	0.9545249727823
1198	0.9545249727802
1199	0.9545249727781
1200	0.9545249727762
1201	0.9545249727742
1202	0.9545249727724
1203	0.9545249727705
1204	0.9555000185938
1205	0.9555000185921
1206	0.9555000185904
1207	0.9555000185888
1208	0.9555000185872
1209	0.9555000185857
1210	0.9555000185842
1211	0.9555000185827
1212	0.9555000185813
1213	0.9555000185799
1214	0.9555000185786
1215	0.9555000185773
1216	0.955500018576
1217	0.9555000185748
1218	0.9555000185736
1219	0.9555000185724
1220	0.9555000185712
1221	0.9564750058952
1222	0.9564750058941
1223	0.956475005893
1224	0.956475005892
1225	0.956475005891
1226	0.95647500589
1227	0.9564750058891
1228	0.9564750058881
1229	0.9564750058872
1230	0.9564750058864
1231	0.9564750058855
1232	0.9564750058847
1233	0.9564750058839
1234	0.9564750058831
1235	0.9564750058823
1236	0.9564750058816
1237	0.9564750058808
1238	0.9564750058801
1239	0.9574499932045
1240	0.9574499932038
1241	0.9574499932031
1242	0.9574499932025
1243	0.9574499932018
1244	0.9574499932012
1245	0.9574499932006
1246	0.9574499932001
1247	0.9574499931995
1248	0.9574499931989
1249	0.9574499931984
1250	0.9574499931979
1251	0.9574499931974
1252	0.9574499931969
1253	0.9574499931964
1254	0.9574499931959
1255	0.9574499931954
1256	0.957449993195
1257	0.9574499931945
1258	0.9574499931941
1259	0.9584249805187
1260	0.9584249805183
1261	0.9584249805179
1262	0.9584249805175
1263	0.9584249805171
1264	0.9584249805167
1265	0.9584249805164
1266	0.958424980516
1267	0.9584249805157
1268	0.9584249805153
1269	0.958424980515
1270	0.9584249805147
1271	0.9584249805144
1272	0.9584249805141
1273	0.9584249805138
1274	0.9584249805135
1275	0.9584249805132
1276	0.9584249805129
1277	0.9584249805126
1278	0.9584249805123
1279	0.9584249805121
1280	0.9584249805118
1281	0.9594000263366
1282	0.9594000263364
1283	0.9594000263361
1284	0.9594000263359
1285	0.9594000263357
1286	0.9594000263354
1287	0.9594000263352
1288	0.959400026335
1289	0.9594000263348
1290	0.9594000263346
1291	0.9594000263344
1292	0.9594000263342
1293	0.959400026334
1294	0.9594000263338
1295	0.9594000263337
1296	0.9594000263335
1297	0.9594000263333
1298	0.9594000263331
1299	0.959400026333
1300	0.9594000263328
1301	0.9594000263327
1302	0.9594000263325
1303	0.9594000263323
1304	0.9594000263322
1305	0.9594000263321
1306	0.9603750136569
1307	0.9603750136568
1308	0.9603750136566
1309	0.9603750136565
1310	0.9603750136564
1311	0.9603750136563
1312	0.9603750136561
1313	0.960375013656
1314	0.9603750136559
1315	0.9603750136558
1316	0.9603750136557
1317	0.9603750136556
1318	0.9603750136554
1319	0.9603750136553
1320	0.9603750136552
1321	0.9603750136551
1322	0.960375013655
1323	0.9603750136549
1324	0.9603750136548
1325	0.9603750136548
1326	0.9603750136547
1327	0.9603750136546
1328	0.9603750136545
1329	0.9603750136544
1330	0.9603750136543
1331	0.9603750136542
1332	0.9603750136542
1333	0.9603750136541
1334	0.961350000979
1335	0.9613500009789
1336	0.9613500009789
1337	0.9613500009788
1338	0.9613500009787
1339	0.9613500009786
1340	0.9613500009786
1341	0.9613500009785
1342	0.9613500009784
1343	0.9613500009784
1344	0.9613500009783
1345	0.9613500009783
1346	0.9613500009782
1347	0.9613500009781
1348	0.9613500009781
1349	0.961350000978
1350	0.961350000978
1351	0.9613500009779
1352	0.9613500009779
1353	0.9613500009778
1354	0.9613500009778
1355	0.9613500009777
1356	0.9613500009777
1357	0.9613500009776
1358	0.9613500009776
1359	0.9613500009775
1360	0.9623249892775
1361	0.9623249892774
1362	0.9623249892774
1363	0.9623249892773
1364	0.9623249892773
1365	0.9623249892773
1366	0.9623249892772
1367	0.9623249892772
1368	0.9623249892771
1369	0.9623249892771
1370	0.9623249892771
1371	0.962324989277
1372	0.962324989277
1373	0.962324989277
1374	0.9623249892769
1375	0.9623249892769
1376	0.9623249892769
1377	0.9623249892768
1378	0.9623249892768
1379	0.9623249892768
1380	0.9623249892767
1381	0.9623249892767
1382	0.9623249892767
1383	0.9623249892766
1384	0.9623249892766
1385	0.9623249892766
1386	0.9623249892766
1387	0.9623249892765
1388	0.9623249892765
1389	0.9623249892765
1390	0.9623249892765
1391	0.9623249892764
1392	0.9623249892764
1393	0.9623249892764
1394	0.9623249892764
1395	0.9623249892763
1396	0.9623249892763
1397	0.9623249892763
1398	0.9623249892763
1399	0.9632999766012
1400	0.9632999766012
1401	0.9632999766012
1402	0.9632999766012
1403	0.9632999766012
1404	0.9632999766011
1405	0.9632999766011
1406	0.9632999766011
1407	0.9632999766011
1408	0.9632999766011
1409	0.9632999766011
1410	0.963299976601
1411	0.963299976601
1412	0.963299976601
1413	0.963299976601
1414	0.963299976601
1415	0.963299976601
1416	0.9632999766009
1417	0.9632999766009
1418	0.9632999766009
1419	0.9632999766009
1420	0.9632999766009
1421	0.9632999766009
1422	0.9632999766008
1423	0.9632999766008
1424	0.9632999766008
1425	0.9632999766008
1426	0.9632999766008
1427	0.9632999766008
1428	0.9632999766008
1429	0.9632999766008
1430	0.9632999766007
1431	0.9632999766007
1432	0.9632999766007
1433	0.9632999766007
1434	0.9632999766007
1435	0.9632999766007
1436	0.9632999766007
1437	0.9632999766007
1438	0.9632999766007
1439	0.9632999766006
1440	0.9632999766006
1441	0.9632999766006
1442	0.9632999766006
1443	0.9632999766006
1444	0.9642750214506
1445	0.9642750214506
1446	0.9642750214506
1447	0.9642750214506
1448	0.9642750214506
1449	0.9642750214506
1450	0.9642750214505
1451	0.9642750214505
1452	0.9642750214505
1453	0.9642750214505
1454	0.9642750214505
1455	0.9642750214505
1456	0.9642750214505
1457	0.9642750214505
1458	0.9642750214505
1459	0.9642750214505
1460	0.9642750214505
1461	0.9642750214505
1462	0.9642750214505
1463	0.9642750214504
1464	0.9642750214504
1465	0.9642750214504
1466	0.9642750214504
1467	0.9642750214504
1468	0.9642750214504
1469	0.9642750214504
1470	0.9642750214504
1471	0.9642750214504
1472	0.9642750214504
1473	0.9642750214504
1474	0.9642750214504
1475	0.9642750214504
1476	0.9642750214504
1477	0.9642750214504
1478	0.9642750214504
1479	0.9642750214503
1480	0.9642750214503
1481	0.9642750214503
1482	0.9642750214503
1483	0.9642750214503
1484	0.9642750214503
1485	0.9642750214503
1486	0.9642750214503
1487	0.9642750214503
1488	0.9642750214503
1489	0.9642750214503
1490	0.9642750214503
1491	0.9642750214503
1492	0.9642750214503
1493	0.9642750214503
1494	0.9642750214503
1495	0.9642750214503
1496	0.9642750214503
1497	0.9642750214503
1498	0.9642750214503
1499	0.9642750214503
1500	0.9642750214503
1501	0.9642750214503
1502	0.9652500097502
1503	0.9652500097502
1504	0.9652500097502
1505	0.9652500097502
1506	0.9652500097502
1507	0.9652500097502
1508	0.9652500097502
1509	0.9652500097502
1510	0.9652500097502
1511	0.9652500097502
1512	0.9652500097502
1513	0.9652500097502
1514	0.9652500097502
1515	0.9652500097502
1516	0.9652500097502
1517	0.9652500097502
1518	0.9652500097502
1519	0.9652500097502
1520	0.9652500097502
1521	0.9652500097502
1522	0.9652500097502
1523	0.9652500097502
1524	0.9652500097502
1525	0.9652500097502
1526	0.9652500097502
1527	0.9652500097502
1528	0.9652500097502
1529	0.9652500097502
1530	0.9652500097502
1531	0.9652500097502
1532	0.9652500097502
1533	0.9652500097502
1534	0.9652500097502
1535	0.9652500097502
1536	0.9652500097502
1537	0.9652500097502
1538	0.9652500097501
1539	0.9652500097501
1540	0.9652500097501
1541	0.9652500097501
1542	0.9652500097501
1543	0.9652500097501
1544	0.9652500097501
1545	0.9652500097501
1546	0.9652500097501
1547	0.9652500097501
1548	0.9652500097501
1549	0.9652500097501
1550	0.9652500097501
1551	0.9652500097501
1552	0.9652500097501
1553	0.9652500097501
1554	0.9652500097501
1555	0.9652500097501
1556	0.9652500097501
1557	0.9652500097501
1558	0.9652500097501
1559	0.9652500097501
1560	0.9652500097501
1561	0.9652500097501
1562	0.9662249970751
1563	0.9662249970751
1564	0.9662249970751
1565	0.9662249970751
1566	0.9662249970751
1567	0.9662249970751
1568	0.9662249970751
1569	0.9662249970751
1570	0.9662249970751
1571	0.9662249970751
1572	0.9662249970751
1573	0.9662249970751
1574	0.9662249970751
1575	0.9662249970751
1576	0.9662249970751
1577	0.9662249970751
1578	0.9662249970751
1579	0.9662249970751
1580	0.9662249970751
1581	0.9662249970751
1582	0.9662249970751
1583	0.9662249970751
1584	0.9662249970751
1585	0.9662249970751
1586	0.9662249970751
1587	0.9662249970751
1588	0.9662249970751
1589	0.9662249970751
1590	0.9662249970751
1591	0.9662249970751
1592	0.9662249970751
1593	0.9662249970751
1594	0.9662249970751
1595	0.9662249970751
1596	0.9662249970751
1597	0.9662249970751
1598	0.9662249970751
1599	0.9662249970751
1600	0.9662249970751
1601	0.9662249970751
1602	0.9662249970751
1603	0.9662249970751
1604	0.9662249970751
1605	0.9662249970751
1606	0.9662249970751
1607	0.9662249970751
1608	0.9662249970751
1609	0.9662249970751
1610	0.9662249970751
1611	0.9662249970751
1612	0.9662249970751
1613	0.9662249970751
1614	0.9662249970751
1615	0.9662249970751
1616	0.9662249970751
1617	0.9662249970751
1618	0.9662249970751
1619	0.9662249970751
1620	0.9662249970751
1621	0.9662249970751
1622	0.9662249970751
1623	0.966224997075
1624	0.966224997075
1625	0.966224997075
1626	0.966224997075
1627	0.966224997075
1628	0.966224997075
1629	0.966224997075
1630	0.966224997075
1631	0.966224997075
1632	0.966224997075
1633	0.966224997075
1634	0.966224997075
1635	0.966224997075
1636	0.966224997075
1637	0.9671999844
1638	0.9671999844
1639	0.9671999844
1640	0.9671999844
1641	0.9671999844
1642	0.9671999844
1643	0.9671999844
1644	0.9671999844
1645	0.9671999844
1646	0.9671999844
1647	0.9671999844
1648	0.9671999844
1649	0.9671999844
1650	0.9671999844
1651	0.9671999844
1652	0.9671999844
1653	0.9671999844
1654	0.9671999844
1655	0.9671999844
1656	0.9671999844
1657	0.9671999844
1658	0.9671999844
1659	0.9671999844
1660	0.9671999844
1661	0.9671999844
1662	0.9671999844
1663	0.9671999844
1664	0.9671999844
1665	0.9671999844
1666	0.9671999844
1667	0.9671999844
1668	0.9671999844
1669	0.9671999844
1670	0.9671999844
1671	0.9671999844
1672	0.9671999844
1673	0.9671999844
1674	0.9671999844
1675	0.9671999844
1676	0.9671999844
1677	0.9671999844
1678	0.9671999844
1679	0.9671999844
1680	0.9671999844
1681	0.9671999844
1682	0.9671999844
1683	0.9671999844
1684	0.9671999844
1685	0.9671999844
1686	0.9671999844
1687	0.9671999844
1688	0.9671999844
1689	0.9671999844
1690	0.9671999844
1691	0.9671999844
1692	0.9671999844
1693	0.9671999844
1694	0.9671999844
1695	0.9671999844
1696	0.9671999844
1697	0.9671999844
1698	0.9671999844
1699	0.9671999844
1700	0.9671999844
1701	0.9671999844
1702	0.9671999844
1703	0.9671999844
1704	0.9671999844
1705	0.9671999844
1706	0.9671999844
1707	0.9671999844
1708	0.9671999844
1709	0.9671999844
1710	0.9671999844
1711	0.9671999844
1712	0.9671999844
1713	0.9671999844
1714	0.9671999844
1715	0.9671999844
1716	0.9671999844
1717	0.9671999844
1718	0.9671999844
1719	0.9671999844
1720	0.9671999844
1721	0.9671999844
1722	0.9671999844
1723	0.9671999844
1724	0.9671999844
1725	0.9671999844
1726	0.9671999844
1727	0.9671999844
1728	0.9671999844
1729	0.9671999844
1730	0.9671999844
1731	0.9671999844
1732	0.9671999844
1733	0.9671999844
1734	0.9671999844
1735	0.9671999844
1736	0.9671999844
1737	0.9671999844
1738	0.9671999844
1739	0.9671999844
1740	0.9671999844
1741	0.9671999844
1742	0.9671999844
1743	0.9671999844
1744	0.9671999844
1745	0.9671999844
1746	0.9671999844
1747	0.9671999844
1748	0.9671999844
1749	0.9671999844
1750	0.9671999844
1751	0.9671999844
1752	0.9671999844
1753	0.9671999844
1754	0.9671999844
1755	0.9671999844
1756	0.9671999844
1757	0.9671999844
1758	0.9671999844
1759	0.9671999844
1760	0.9671999844
1761	0.9671999844
1762	0.9671999844
1763	0.9671999844
1764	0.9671999844
1765	0.9671999844
1766	0.9671999844
1767	0.9671999844
1768	0.9671999844
1769	0.9671999844
1770	0.9671999844
1771	0.9671999844
1772	0.9671999844
1773	0.9671999844
1774	0.9671999844
1775	0.9671999844
1776	0.9671999844
1777	0.9671999844
1778	0.9671999844
1779	0.9671999844
1780	0.9671999844
1781	0.9671999844
1782	0.9671999844
1783	0.9671999844
1784	0.9671999844
1785	0.9671999844
1786	0.9671999844
1787	0.9671999844
1788	0.9671999844
1789	0.968174971725
1790	0.968174971725
1791	0.968174971725
1792	0.968174971725
1793	0.968174971725
1794	0.968174971725
1795	0.968174971725
1796	0.968174971725
1797	0.968174971725
1798	0.968174971725
1799	0.968174971725
1800	0.968174971725
1801	0.968174971725
1802	0.968174971725
1803	0.968174971725
1804	0.968174971725
1805	0.968174971725
1806	0.968174971725
1807	0.968174971725
1808	0.968174971725
1809	0.968174971725
1810	0.968174971725
1811	0.968174971725
1812	0.968174971725
1813	0.968174971725
1814	0.968174971725
1815	0.968174971725
1816	0.968174971725
1817	0.968174971725
1818	0.968174971725
1819	0.968174971725
1820	0.968174971725
1821	0.968174971725
1822	0.968174971725
1823	0.968174971725
1824	0.968174971725
1825	0.968174971725
1826	0.968174971725
1827	0.968174971725
1828	0.968174971725
1829	0.968174971725
1830	0.968174971725
1831	0.968174971725
1832	0.968174971725
1833	0.968174971725
1834	0.968174971725
1835	0.968174971725
1836	0.968174971725
1837	0.968174971725
1838	0.968174971725
1839	0.968174971725
1840	0.968174971725
1841	0.968174971725
1842	0.968174971725
1843	0.968174971725
1844	0.968174971725
1845	0.968174971725
1846	0.968174971725
1847	0.968174971725
1848	0.968174971725
1849	0.968174971725
1850	0.968174971725
1851	0.968174971725
1852	0.968174971725
1853	0.968174971725
1854	0.968174971725
1855	0.968174971725
1856	0.968174971725
1857	0.968174971725
1858	0.968174971725
1859	0.968174971725
1860	0.968174971725
1861	0.968174971725
1862	0.968174971725
1863	0.968174971725
1864	0.968174971725
1865	0.968174971725
1866	0.968174971725
1867	0.968174971725
1868	0.968174971725
1869	0.968174971725
1870	0.968174971725
1871	0.968174971725
1872	0.968174971725
1873	0.968174971725
1874	0.968174971725
1875	0.968174971725
1876	0.968174971725
1877	0.968174971725
1878	0.968174971725
1879	0.968174971725
1880	0.968174971725
1881	0.968174971725
1882	0.968174971725
1883	0.968174971725
1884	0.968174971725
1885	0.968174971725
1886	0.968174971725
1887	0.968174971725
1888	0.968174971725
1889	0.968174971725
1890	0.968174971725
1891	0.968174971725
1892	0.968174971725
1893	0.968174971725
1894	0.968174971725
1895	0.968174971725
1896	0.968174971725
1897	0.968174971725
1898	0.96915001755
1899	0.96915001755
1900	0.96915001755
1901	0.96915001755
1902	0.96915001755
1903	0.96915001755
1904	0.96915001755
1905	0.96915001755
1906	0.96915001755
1907	0.96915001755
1908	0.96915001755
1909	0.96915001755
1910	0.96915001755
1911	0.96915001755
1912	0.96915001755
1913	0.96915001755
1914	0.96915001755
1915	0.96915001755
1916	0.96915001755
1917	0.96915001755
1918	0.96915001755
1919	0.96915001755
1920	0.96915001755
1921	0.96915001755
1922	0.96915001755
1923	0.96915001755
1924	0.96915001755
1925	0.96915001755
1926	0.96915001755
1927	0.96915001755
1928	0.96915001755
1929	0.96915001755
1930	0.96915001755
1931	0.96915001755
1932	0.96915001755
1933	0.96915001755
1934	0.96915001755
1935	0.96915001755
1936	0.96915001755
1937	0.96915001755
1938	0.96915001755
1939	0.96915001755
1940	0.96915001755
1941	0.96915001755
1942	0.96915001755
1943	0.96915001755
1944	0.96915001755
1945	0.96915001755
1946	0.96915001755
1947	0.96915001755
1948	0.96915001755
1949	0.96915001755
1950	0.96915001755
1951	0.96915001755
1952	0.96915001755
1953	0.96915001755
1954	0.96915001755
1955	0.96915001755
1956	0.96915001755
1957	0.96915001755
1958	0.96915001755
1959	0.96915001755
1960	0.96915001755
1961	0.96915001755
1962	0.96915001755
1963	0.96915001755
1964	0.96915001755
1965	0.96915001755
1966	0.96915001755
1967	0.96915001755
1968	0.96915001755
1969	0.96915001755
1970	0.96915001755
1971	0.96915001755
1972	0.96915001755
1973	0.96915001755
1974	0.96915001755
1975	0.96915001755
1976	0.96915001755
1977	0.96915001755
1978	0.96915001755
1979	0.96915001755
1980	0.96915001755
1981	0.96915001755
1982	0.96915001755
1983	0.96915001755
1984	0.96915001755
1985	0.96915001755
1986	0.96915001755
1987	0.96915001755
1988	0.96915001755
1989	0.96915001755
1990	0.96915001755
1991	0.96915001755
1992	0.96915001755
1993	0.96915001755
1994	0.96915001755
1995	0.96915001755
1996	0.96915001755
1997	0.96915001755
1998	0.96915001755
1999	0.96915001755
2000	0.96915001755
2001	0.96915001755
2002	0.96915001755
2003	0.96915001755
2004	0.96915001755
2005	0.96915001755
2006	0.96915001755
2007	0.96915001755
2008	0.96915001755
2009	0.96915001755
2010	0.96915001755
2011	0.96915001755
2012	0.96915001755
2013	0.96915001755
2014	0.96915001755
2015	0.96915001755
2016	0.96915001755
2017	0.96915001755
2018	0.96915001755
2019	0.96915001755
2020	0.96915001755
2021	0.96915001755
2022	0.96915001755
2023	0.96915001755
2024	0.96915001755
2025	0.96915001755
2026	0.96915001755
2027	0.96915001755
2028	0.96915001755
2029	0.96915001755
2030	0.96915001755
2031	0.96915001755
2032	0.96915001755
2033	0.96915001755
2034	0.96915001755
2035	0.96915001755
2036	0.96915001755
2037	0.96915001755
2038	0.96915001755
2039	0.96915001755
2040	0.96915001755
2041	0.96915001755
2042	0.96915001755
2043	0.96915001755
2044	0.96915001755
2045	0.96915001755
2046	0.96915001755
2047	0.96915001755
2048	0.96915001755
2049	0.96915001755
2050	0.96915001755
2051	0.96915001755
2052	0.96915001755
2053	0.96915001755
2054	0.96915001755
2055	0.96915001755
2056	0.96915001755
2057	0.96915001755
2058	0.96915001755
2059	0.96915001755
2060	0.96915001755
2061	0.96915001755
2062	0.96915001755
2063	0.96915001755
2064	0.96915001755
2065	0.96915001755
2066	0.96915001755
2067	0.96915001755
2068	0.96915001755
2069	0.96915001755
2070	0.96915001755
2071	0.96915001755
2072	0.96915001755
2073	0.96915001755
2074	0.96915001755
2075	0.96915001755
2076	0.96915001755
2077	0.96915001755
2078	0.96915001755
2079	0.96915001755
2080	0.96915001755
2081	0.96915001755
2082	0.96915001755
2083	0.970125004875
2084	0.970125004875
2085	0.970125004875
2086	0.970125004875
2087	0.970125004875
2088	0.970125004875
2089	0.970125004875
2090	0.970125004875
2091	0.970125004875
2092	0.970125004875
2093	0.970125004875
2094	0.970125004875
2095	0.970125004875
2096	0.970125004875
2097	0.970125004875
2098	0.970125004875
2099	0.970125004875
2100	0.970125004875
2101	0.970125004875
2102	0.970125004875
2103	0.970125004875
2104	0.970125004875
2105	0.970125004875
2106	0.970125004875
2107	0.970125004875
2108	0.970125004875
2109	0.970125004875
2110	0.970125004875
2111	0.970125004875
2112	0.970125004875
2113	0.970125004875
2114	0.970125004875
2115	0.970125004875
2116	0.970125004875
2117	0.970125004875
2118	0.970125004875
2119	0.970125004875
2120	0.970125004875
2121	0.970125004875
2122	0.970125004875
2123	0.970125004875
2124	0.970125004875
2125	0.970125004875
2126	0.970125004875
2127	0.970125004875
2128	0.970125004875
2129	0.970125004875
2130	0.970125004875
2131	0.970125004875
2132	0.970125004875
2133	0.970125004875
2134	0.970125004875
2135	0.970125004875
2136	0.970125004875
2137	0.970125004875
2138	0.970125004875
2139	0.970125004875
2140	0.970125004875
2141	0.970125004875
2142	0.970125004875
2143	0.970125004875
2144	0.970125004875
2145	0.970125004875
2146	0.970125004875
2147	0.970125004875
2148	0.970125004875
2149	0.970125004875
2150	0.970125004875
2151	0.970125004875
2152	0.970125004875
2153	0.970125004875
2154	0.970125004875
2155	0.970125004875
2156	0.970125004875
2157	0.970125004875
2158	0.970125004875
2159	0.970125004875
2160	0.970125004875
2161	0.970125004875
2162	0.970125004875
2163	0.970125004875
2164	0.970125004875
2165	0.970125004875
2166	0.970125004875
2167	0.970125004875
2168	0.970125004875
2169	0.970125004875
2170	0.970125004875
2171	0.970125004875
2172	0.970125004875
2173	0.970125004875
2174	0.970125004875
2175	0.970125004875
2176	0.970125004875
2177	0.970125004875
2178	0.970125004875
2179	0.970125004875
2180	0.970125004875
2181	0.970125004875
2182	0.970125004875
2183	0.970125004875
2184	0.970125004875
2185	0.970125004875
2186	0.970125004875
2187	0.970125004875
2188	0.970125004875
2189	0.970125004875
2190	0.970125004875
2191	0.970125004875
2192	0.970125004875
2193	0.970125004875
2194	0.970125004875
2195	0.970125004875
2196	0.970125004875
2197	0.970125004875
2198	0.970125004875
2199	0.970125004875
2200	0.970125004875
2201	0.970125004875
2202	0.970125004875
2203	0.970125004875
2204	0.970125004875
2205	0.970125004875
2206	0.970125004875
2207	0.970125004875
2208	0.970125004875
2209	0.970125004875
2210	0.970125004875
2211	0.970125004875
2212	0.970125004875
2213	0.970125004875
2214	0.970125004875
2215	0.970125004875
2216	0.970125004875
2217	0.970125004875
2218	0.970125004875
2219	0.970125004875
2220	0.970125004875
2221	0.970125004875
2222	0.970125004875
2223	0.970125004875
2224	0.970125004875
2225	0.970125004875
2226	0.970125004875
2227	0.970125004875
2228	0.970125004875
2229	0.970125004875
2230	0.970125004875
2231	0.970125004875
2232	0.970125004875
2233	0.970125004875
2234	0.970125004875
2235	0.970125004875
2236	0.970125004875
2237	0.970125004875
2238	0.970125004875
2239	0.970125004875
2240	0.970125004875
2241	0.970125004875
2242	0.970125004875
2243	0.970125004875
2244	0.970125004875
2245	0.970125004875
2246	0.970125004875
2247	0.970125004875
2248	0.970125004875
2249	0.970125004875
2250	0.970125004875
2251	0.970125004875
2252	0.970125004875
2253	0.970125004875
2254	0.970125004875
2255	0.970125004875
2256	0.970125004875
2257	0.970125004875
2258	0.970125004875
2259	0.970125004875
2260	0.970125004875
2261	0.970125004875
2262	0.9710999922
2263	0.9710999922
2264	0.9710999922
2265	0.9710999922
2266	0.9710999922
2267	0.9710999922
2268	0.9710999922
2269	0.9710999922
2270	0.9710999922
2271	0.9710999922
2272	0.9710999922
2273	0.9710999922
2274	0.9710999922
2275	0.9710999922
2276	0.9710999922
2277	0.9710999922
2278	0.9710999922
2279	0.9710999922
2280	0.9710999922
2281	0.9710999922
2282	0.9710999922
2283	0.9710999922
2284	0.9710999922
2285	0.9710999922
2286	0.9710999922
2287	0.9710999922
2288	0.9710999922
2289	0.9710999922
2290	0.9710999922
2291	0.9710999922
2292	0.9710999922
2293	0.9710999922
2294	0.9710999922
2295	0.9710999922
2296	0.9710999922
2297	0.9710999922
2298	0.9710999922
2299	0.9710999922
2300	0.9710999922
2301	0.9710999922
2302	0.9710999922
2303	0.9710999922
2304	0.9710999922
2305	0.9710999922
2306	0.9710999922
2307	0.9710999922
2308	0.9710999922
2309	0.9710999922
2310	0.9710999922
2311	0.9710999922
2312	0.9710999922
2313	0.9710999922
2314	0.9710999922
2315	0.9710999922
2316	0.9710999922
2317	0.9710999922
2318	0.9710999922
2319	0.9710999922
2320	0.9710999922
2321	0.9710999922
2322	0.9710999922
2323	0.9710999922
2324	0.9710999922
2325	0.9710999922
2326	0.9710999922
2327	0.9710999922
2328	0.9710999922
2329	0.9710999922
2330	0.9710999922
2331	0.9710999922
2332	0.9710999922
2333	0.9710999922
2334	0.9710999922
2335	0.9710999922
2336	0.9710999922
2337	0.9710999922
2338	0.9710999922
2339	0.9710999922
2340	0.9710999922
2341	0.9710999922
2342	0.9710999922
2343	0.9710999922
2344	0.9710999922
2345	0.9710999922
2346	0.9710999922
2347	0.9710999922
2348	0.9710999922
2349	0.9710999922
2350	0.9710999922
2351	0.9710999922
2352	0.9710999922
2353	0.9710999922
2354	0.9710999922
2355	0.9710999922
2356	0.9710999922
2357	0.9710999922
2358	0.9710999922
2359	0.9710999922
2360	0.9710999922
2361	0.9710999922
2362	0.9710999922
2363	0.9710999922
2364	0.9710999922
2365	0.9710999922
2366	0.9710999922
2367	0.9710999922
2368	0.9710999922
2369	0.9710999922
2370	0.9710999922
2371	0.9710999922
2372	0.9710999922
2373	0.9710999922
2374	0.9710999922
2375	0.9710999922
2376	0.9710999922
2377	0.9710999922
2378	0.9710999922
2379	0.9710999922
2380	0.9710999922
2381	0.9710999922
2382	0.9710999922
2383	0.9710999922
2384	0.9710999922
2385	0.9710999922
2386	0.9710999922
2387	0.9710999922
2388	0.9710999922
2389	0.9710999922
2390	0.9710999922
2391	0.9710999922
2392	0.9710999922
2393	0.9710999922
2394	0.9710999922
2395	0.9710999922
2396	0.9710999922
2397	0.9710999922
2398	0.9710999922
2399	0.9710999922
2400	0.9710999922
2401	0.9710999922
2402	0.9710999922
2403	0.9710999922
2404	0.9710999922
2405	0.9710999922
2406	0.9710999922
2407	0.9710999922
2408	0.9710999922
2409	0.9710999922
2410	0.9710999922
2411	0.9710999922
2412	0.9710999922
2413	0.9710999922
2414	0.9710999922
2415	0.9710999922
2416	0.9710999922
2417	0.9710999922
2418	0.9710999922
2419	0.9710999922
2420	0.9710999922
2421	0.9710999922
2422	0.9710999922
2423	0.9710999922
2424	0.9710999922
2425	0.9710999922
2426	0.9710999922
2427	0.9710999922
2428	0.9710999922
2429	0.9710999922
2430	0.9710999922
2431	0.9710999922
2432	0.9710999922
2433	0.9710999922
2434	0.9710999922
2435	0.9710999922
2436	0.9710999922
2437	0.9710999922
2438	0.9710999922
2439	0.9710999922
2440	0.9710999922
2441	0.9710999922
2442	0.9710999922
2443	0.9710999922
2444	0.9710999922
2445	0.9710999922
2446	0.9710999922
2447	0.9710999922
2448	0.9710999922
2449	0.9710999922
2450	0.9710999922
2451	0.9710999922
2452	0.9710999922
2453	0.9710999922
2454	0.9710999922
2455	0.9710999922
2456	0.9710999922
2457	0.9710999922
2458	0.9710999922
2459	0.9710999922
2460	0.9710999922
2461	0.9710999922
2462	0.9710999922
2463	0.9710999922
2464	0.9710999922
2465	0.9710999922
2466	0.9710999922
2467	0.9710999922
2468	0.9710999922
2469	0.9710999922
2470	0.9710999922
2471	0.9710999922
2472	0.9710999922
2473	0.9710999922
2474	0.9710999922
2475	0.9710999922
2476	0.9710999922
2477	0.9710999922
2478	0.9710999922
2479	0.9710999922
2480	0.9710999922
2481	0.9710999922
2482	0.9710999922
2483	0.9710999922
2484	0.9710999922
2485	0.9710999922
2486	0.9710999922
2487	0.9710999922
2488	0.9710999922
2489	0.9710999922
2490	0.9710999922
2491	0.9710999922
2492	0.9710999922
2493	0.9710999922
2494	0.9710999922
2495	0.9710999922
2496	0.9710999922
2497	0.9710999922
2498	0.9710999922
2499	0.9710999922
2500	0.9710999922
2501	0.9710999922
2502	0.9710999922
2503	0.9710999922
2504	0.9710999922
2505	0.9710999922
2506	0.9710999922
2507	0.9710999922
2508	0.9710999922
2509	0.9710999922
2510	0.9710999922
2511	0.9710999922
2512	0.9710999922
2513	0.9710999922
2514	0.9710999922
2515	0.9710999922
2516	0.9710999922
2517	0.9710999922
2518	0.9710999922
2519	0.9710999922
2520	0.9710999922
2521	0.9710999922
2522	0.9710999922
2523	0.9710999922
2524	0.9710999922
2525	0.9710999922
2526	0.9710999922
2527	0.9710999922
2528	0.9710999922
2529	0.9710999922
2530	0.9710999922
2531	0.9710999922
2532	0.9710999922
2533	0.9710999922
2534	0.9710999922
2535	0.9710999922
2536	0.9710999922
2537	0.972074979525
2538	0.972074979525
2539	0.972074979525
2540	0.972074979525
2541	0.972074979525
2542	0.972074979525
2543	0.972074979525
2544	0.972074979525
2545	0.972074979525
2546	0.972074979525
2547	0.972074979525
2548	0.972074979525
2549	0.972074979525
2550	0.972074979525
2551	0.972074979525
2552	0.972074979525
2553	0.972074979525
2554	0.972074979525
2555	0.972074979525
2556	0.972074979525
2557	0.972074979525
2558	0.972074979525
2559	0.972074979525
2560	0.972074979525
2561	0.972074979525
2562	0.972074979525
2563	0.972074979525
2564	0.972074979525
2565	0.972074979525
2566	0.972074979525
2567	0.972074979525
2568	0.972074979525
2569	0.972074979525
2570	0.972074979525
2571	0.972074979525
2572	0.972074979525
2573	0.972074979525
2574	0.972074979525
2575	0.972074979525
2576	0.972074979525
2577	0.972074979525
2578	0.972074979525
2579	0.972074979525
2580	0.972074979525
2581	0.972074979525
2582	0.972074979525
2583	0.972074979525
2584	0.972074979525
2585	0.972074979525
2586	0.972074979525
2587	0.972074979525
2588	0.972074979525
2589	0.972074979525
2590	0.972074979525
2591	0.972074979525
2592	0.972074979525
2593	0.972074979525
2594	0.972074979525
2595	0.972074979525
2596	0.972074979525
2597	0.972074979525
2598	0.972074979525
2599	0.972074979525
2600	0.972074979525
2601	0.972074979525
2602	0.972074979525
2603	0.972074979525
2604	0.972074979525
2605	0.972074979525
2606	0.972074979525
2607	0.972074979525
2608	0.972074979525
2609	0.972074979525
2610	0.972074979525
2611	0.972074979525
2612	0.972074979525
2613	0.972074979525
2614	0.972074979525
2615	0.972074979525
2616	0.972074979525
2617	0.972074979525
2618	0.972074979525
2619	0.97305002535
2620	0.97305002535
2621	0.97305002535
2622	0.97305002535
2623	0.97305002535
2624	0.97305002535
2625	0.97305002535
2626	0.97305002535
2627	0.97305002535
2628	0.97305002535
2629	0.97305002535
2630	0.97305002535
2631	0.97305002535
2632	0.97305002535
2633	0.97305002535
2634	0.97305002535
2635	0.97305002535
2636	0.97305002535
2637	0.97305002535
2638	0.97305002535
2639	0.97305002535
2640	0.97305002535
2641	0.97305002535
2642	0.97305002535
2643	0.97305002535
2644	0.97305002535
2645	0.97305002535
2646	0.97305002535
2647	0.97305002535
2648	0.97305002535
2649	0.97305002535
2650	0.97305002535
2651	0.97305002535
2652	0.97305002535
2653	0.97305002535
2654	0.97305002535
2655	0.97305002535
2656	0.97305002535
2657	0.97305002535
2658	0.97305002535
2659	0.97305002535
2660	0.97305002535
2661	0.97305002535
2662	0.972074979525
2663	0.972074979525
2664	0.972074979525
2665	0.972074979525
2666	0.97305002535
2667	0.97305002535
2668	0.97305002535
2669	0.97305002535
2670	0.97305002535
2671	0.97305002535
2672	0.97305002535
2673	0.97305002535
2674	0.97305002535
2675	0.97305002535
2676	0.97305002535
2677	0.97305002535
2678	0.97305002535
2679	0.97305002535
2680	0.97305002535
2681	0.97305002535
2682	0.97305002535
2683	0.97305002535
2684	0.97305002535
2685	0.97305002535
2686	0.97305002535
2687	0.97305002535
2688	0.97305002535
2689	0.97305002535
2690	0.97305002535
2691	0.97305002535
2692	0.97305002535
2693	0.97305002535
2694	0.97305002535
2695	0.97305002535
2696	0.97305002535
2697	0.97305002535
2698	0.97305002535
2699	0.97305002535
2700	0.97305002535
2701	0.97305002535
2702	0.97305002535
2703	0.97305002535
2704	0.97305002535
2705	0.97305002535
2706	0.972074979525
2707	0.972074979525
2708	0.972074979525
2709	0.97305002535
2710	0.97305002535
2711	0.97305002535
2712	0.97305002535
2713	0.97305002535
2714	0.97305002535
2715	0.97305002535
2716	0.97305002535
2717	0.97305002535
2718	0.97305002535
2719	0.97305002535
2720	0.97305002535
2721	0.97305002535
2722	0.97305002535
2723	0.97305002535
2724	0.97305002535
2725	0.97305002535
2726	0.97305002535
2727	0.97305002535
2728	0.97305002535
2729	0.97305002535
2730	0.97305002535
2731	0.97305002535
2732	0.97305002535
2733	0.97305002535
2734	0.97305002535
2735	0.97305002535
2736	0.97305002535
2737	0.97305002535
2738	0.97305002535
2739	0.97305002535
2740	0.97305002535
2741	0.97305002535
2742	0.97305002535
2743	0.97305002535
2744	0.97305002535
2745	0.97305002535
2746	0.97305002535
2747	0.97305002535
2748	0.97305002535
2749	0.97305002535
2750	0.97305002535
2751	0.97305002535
2752	0.97305002535
2753	0.97305002535
2754	0.97305002535
2755	0.97305002535
2756	0.97305002535
2757	0.97305002535
2758	0.97305002535
2759	0.97305002535
2760	0.97305002535
2761	0.97305002535
2762	0.97305002535
2763	0.97305002535
2764	0.97305002535
2765	0.97305002535
2766	0.97305002535
2767	0.97305002535
2768	0.97305002535
2769	0.97305002535
2770	0.974025012675
2771	0.974025012675
2772	0.974025012675
2773	0.974025012675
2774	0.974025012675
2775	0.974025012675
2776	0.974025012675
2777	0.974025012675
2778	0.974025012675
2779	0.974025012675
2780	0.974025012675
2781	0.974025012675
2782	0.974025012675
2783	0.974025012675
2784	0.974025012675
2785	0.975
2786	0.975
2787	0.975
2788	0.975
2789	0.975
2790	0.975
2791	0.975
2792	0.975
2793	0.975
2794	0.975
2795	0.975
2796	0.975
2797	0.975
2798	0.975
2799	0.975
2800	0.975
2801	0.975
2802	0.975
2803	0.975
2804	0.975
2805	0.975
2806	0.975
2807	0.975
2808	0.975
2809	0.975
2810	0.975
2811	0.975
2812	0.975
2813	0.975
2814	0.975
2815	0.975
2816	0.975
2817	0.975
2818	0.975
2819	0.975
2820	0.975
2821	0.975
2822	0.975
2823	0.975
2824	0.975
2825	0.975
2826	0.975
2827	0.975
2828	0.975
2829	0.975
2830	0.975
2831	0.975
2832	0.975
2833	0.975
2834	0.975
2835	0.975
2836	0.975
2837	0.975
2838	0.975
2839	0.975
2840	0.975
2841	0.975
2842	0.975
2843	0.975
2844	0.975
2845	0.975
2846	0.975
2847	0.975
2848	0.975
2849	0.975
2850	0.975
2851	0.975
2852	0.975
2853	0.975
2854	0.975
2855	0.975
2856	0.975
2857	0.975
2858	0.975
2859	0.975
2860	0.975
2861	0.975
2862	0.975
2863	0.975
2864	0.975
2865	0.975
2866	0.975
2867	0.975
2868	0.975
2869	0.975
2870	0.975
2871	0.975
2872	0.975
2873	0.975
2874	0.974025012675
2875	0.974025012675
2876	0.974025012675
2877	0.974025012675
2878	0.974025012675
2879	0.974025012675
2880	0.974025012675
2881	0.974025012675
2882	0.974025012675
2883	0.97305002535
2884	0.97305002535
2885	0.97305002535
2886	0.97305002535
2887	0.97305002535
2888	0.97305002535
2889	0.97305002535
2890	0.97305002535
2891	0.97305002535
2892	0.972074979525
2893	0.972074979525
2894	0.972074979525
2895	0.972074979525
2896	0.972074979525
2897	0.972074979525
2898	0.972074979525
2899	0.9710999922
2900	0.9710999922
2901	0.9710999922
2902	0.9710999922
2903	0.9710999922
2904	0.970125004875
2905	0.970125004875
2906	0.970125004875
2907	0.970125004875
2908	0.96915001755
2909	0.96915001755
2910	0.96915001755
2911	0.96915001755
2912	0.96915001755
2913	0.968174971725
2914	0.968174971725
2915	0.968174971725
2916	0.968174971725
2917	0.968174971725
2918	0.968174971725
2919	0.968174971725
2920	0.968174971725
2921	0.9671999844
2922	0.9671999844
2923	0.9671999844
2924	0.9671999844
2925	0.9671999844
2926	0.9671999844
2927	0.9671999844
2928	0.9671999844
2929	0.9671999844
2930	0.9671999844
2931	0.9671999844
2932	0.9671999844
2933	0.9671999844
2934	0.9671999844
2935	0.968174971725
2936	0.968174971725
2937	0.968174971725
2938	0.968174971725
2939	0.968174971725
2940	0.968174971725
2941	0.968174971725
2942	0.968174971725
2943	0.968174971725
2944	0.968174971725
2945	0.968174971725
2946	0.968174971725
2947	0.968174971725
2948	0.968174971725
2949	0.968174971725
2950	0.968174971725
2951	0.968174971725
2952	0.968174971725
2953	0.968174971725
2954	0.968174971725
2955	0.968174971725
2956	0.968174971725
2957	0.968174971725
2958	0.968174971725
2959	0.968174971725
2960	0.968174971725
2961	0.968174971725
2962	0.968174971725
2963	0.968174971725
2964	0.968174971725
2965	0.968174971725
2966	0.968174971725
2967	0.968174971725
2968	0.968174971725
2969	0.968174971725
2970	0.968174971725
2971	0.968174971725
2972	0.968174971725
2973	0.968174971725
2974	0.968174971725
2975	0.968174971725
2976	0.968174971725
2977	0.968174971725
2978	0.968174971725
2979	0.968174971725
2980	0.968174971725
2981	0.968174971725
2982	0.968174971725
2983	0.968174971725
2984	0.968174971725
2985	0.968174971725
2986	0.968174971725
2987	0.968174971725
2988	0.968174971725
2989	0.968174971725
2990	0.968174971725
2991	0.968174971725
2992	0.968174971725
2993	0.968174971725
2994	0.968174971725
2995	0.968174971725
2996	0.968174971725
2997	0.968174971725
2998	0.968174971725
2999	0.968174971725
3000	0.968174971725
3001	0.968174971725
3002	0.968174971725
3003	0.968174971725
3004	0.968174971725
3005	0.968174971725
3006	0.968174971725
3007	0.968174971725
3008	0.968174971725
3009	0.968174971725
3010	0.968174971725
3011	0.968174971725
3012	0.968174971725
3013	0.968174971725
3014	0.968174971725
3015	0.968174971725
3016	0.968174971725
3017	0.968174971725
3018	0.968174971725
3019	0.968174971725
3020	0.968174971725
3021	0.968174971725
3022	0.968174971725
3023	0.968174971725
3024	0.968174971725
3025	0.968174971725
3026	0.968174971725
3027	0.968174971725
3028	0.968174971725
3029	0.968174971725
3030	0.968174971725
3031	0.968174971725
3032	0.968174971725
3033	0.968174971725
3034	0.968174971725
3035	0.968174971725
3036	0.968174971725
3037	0.968174971725
3038	0.968174971725
3039	0.968174971725
3040	0.968174971725
3041	0.968174971725
3042	0.968174971725
3043	0.968174971725
3044	0.968174971725
3045	0.968174971725
3046	0.968174971725
3047	0.968174971725
3048	0.968174971725
3049	0.968174971725
3050	0.968174971725
3051	0.968174971725
3052	0.968174971725
3053	0.968174971725
3054	0.968174971725
3055	0.968174971725
3056	0.968174971725
3057	0.968174971725
3058	0.968174971725
3059	0.968174971725
3060	0.968174971725
3061	0.968174971725
3062	0.96915001755
3063	0.96915001755
3064	0.96915001755
3065	0.96915001755
3066	0.96915001755
3067	0.96915001755
3068	0.96915001755
3069	0.96915001755
3070	0.96915001755
3071	0.96915001755
3072	0.96915001755
3073	0.96915001755
3074	0.96915001755
3075	0.96915001755
3076	0.96915001755
3077	0.96915001755
3078	0.96915001755
3079	0.96915001755
3080	0.96915001755
3081	0.96915001755
3082	0.96915001755
3083	0.96915001755
3084	0.96915001755
3085	0.96915001755
3086	0.96915001755
3087	0.96915001755
3088	0.96915001755
3089	0.96915001755
3090	0.96915001755
3091	0.96915001755
3092	0.96915001755
3093	0.96915001755
3094	0.96915001755
3095	0.96915001755
3096	0.96915001755
3097	0.96915001755
3098	0.96915001755
3099	0.96915001755
3100	0.96915001755
3101	0.96915001755
3102	0.96915001755
3103	0.96915001755
3104	0.96915001755
3105	0.96915001755
3106	0.96915001755
3107	0.96915001755
3108	0.96915001755
3109	0.96915001755
3110	0.96915001755
3111	0.96915001755
3112	0.96915001755
3113	0.96915001755
3114	0.96915001755
3115	0.96915001755
3116	0.96915001755
3117	0.96915001755
3118	0.96915001755
3119	0.96915001755
3120	0.96915001755
3121	0.96915001755
3122	0.96915001755
3123	0.96915001755
3124	0.96915001755
3125	0.96915001755
3126	0.96915001755
3127	0.96915001755
3128	0.96915001755
3129	0.96915001755
3130	0.96915001755
3131	0.96915001755
3132	0.96915001755
3133	0.96915001755
3134	0.96915001755
3135	0.96915001755
3136	0.96915001755
3137	0.96915001755
3138	0.96915001755
3139	0.96915001755
3140	0.96915001755
3141	0.96915001755
3142	0.96915001755
3143	0.96915001755
3144	0.96915001755
3145	0.96915001755
3146	0.96915001755
3147	0.96915001755
3148	0.96915001755
3149	0.96915001755
3150	0.96915001755
3151	0.96915001755
3152	0.96915001755
3153	0.96915001755
3154	0.96915001755
3155	0.96915001755
3156	0.96915001755
3157	0.96915001755
3158	0.96915001755
3159	0.96915001755
3160	0.96915001755
3161	0.96915001755
3162	0.96915001755
3163	0.96915001755
3164	0.96915001755
3165	0.96915001755
3166	0.96915001755
3167	0.96915001755
3168	0.96915001755
3169	0.96915001755
3170	0.96915001755
3171	0.96915001755
3172	0.96915001755
3173	0.96915001755
3174	0.96915001755
3175	0.96915001755
3176	0.96915001755
3177	0.96915001755
3178	0.96915001755
3179	0.96915001755
3180	0.96915001755
3181	0.96915001755
3182	0.96915001755
3183	0.96915001755
3184	0.96915001755
3185	0.96915001755
3186	0.96915001755
3187	0.96915001755
3188	0.96915001755
3189	0.96915001755
3190	0.96915001755
3191	0.96915001755
3192	0.96915001755
3193	0.96915001755
3194	0.96915001755
3195	0.96915001755
3196	0.96915001755
3197	0.96915001755
3198	0.96915001755
3199	0.96915001755
3200	0.96915001755
