IEC 60904-3
 445
2800	2.529e-26
2850	8.974e-17
2900	5.13e-10
2950	3.215e-06
3000	0.000455
3050	0.008908
3100	0.02775
3150	0.07347
3200	0.1124
3250	0.1546
3300	0.2612
3350	0.264
3400	0.2957
3450	0.2777
3500	0.3282
3550	0.3903
3600	0.3913
3650	0.4169
3700	0.5152
3750	0.4097
3800	0.4961
3850	0.485
3900	0.5829
3950	0.5992
4000	0.8374
4050	0.8759
4100	0.8067
4150	0.9529
4200	0.8821
4250	0.9902
4300	0.6993
4350	1.004
4400	1.096
4450	1.196
4500	1.284
4550	1.262
4600	1.275
4650	1.287
4700	1.271
4750	1.372
4800	1.379
4850	1.342
4900	1.393
4950	1.42
5000	1.335
5050	1.356
5100	1.346
5150	1.335
5200	1.331
5250	1.382
5300	1.356
5350	1.366
5400	1.306
5450	1.362
5500	1.361
5550	1.384
5600	1.308
5650	1.352
5700	1.32
5750	1.319
5800	1.342
5850	1.37
5900	1.228
5950	1.283
6000	1.324
6050	1.338
6100	1.32
6150	1.322
6200	1.326
6250	1.263
6300	1.255
6350	1.303
6400	1.292
6450	1.313
6500	1.226
6550	1.218
6600	1.263
6650	1.283
6700	1.282
6750	1.26
6800	1.261
6850	1.242
6900	1.072
6950	1.15
7000	1.16
7050	1.195
7100	1.192
7150	1.14
7200	0.8968
7250	0.9447
7300	1.026
7350	1.107
7400	1.109
7450	1.137
7500	1.124
7550	1.129
7600	0.2464
7650	0.6319
7700	1.062
7750	1.077
7800	1.066
7850	1.062
7900	1.002
7950	1.004
8000	0.9857
8050	0.9699
8100	0.972
8150	0.8269
8200	0.7967
8250	0.8949
8300	0.8468
8350	0.9265
8400	0.9385
8450	0.9395
8500	0.8266
8550	0.845
8600	0.915
8650	0.8923
8700	0.8967
8750	0.8595
8800	0.8718
8850	0.8766
8900	0.8583
8950	0.7573
9000	0.6923
9050	0.7611
9100	0.5838
9150	0.6337
9200	0.6945
9250	0.6643
9300	0.4056
9350	0.2362
9400	0.4428
9450	0.3463
9500	0.139
9550	0.3211
9600	0.3957
9650	0.4733
9700	0.5952
9750	0.5537
9800	0.5678
9850	0.6455
9900	0.6864
9950	0.7047
10000	0.6896
10050	0.6395
10100	0.675
10150	0.6648
10200	0.6565
10250	0.6554
10300	0.649
10350	0.6416
10400	0.6318
10450	0.6253
10500	0.6162
10550	0.6106
10600	0.599
10650	0.5929
10700	0.5701
10750	0.5589
10800	0.5635
10850	0.56
10900	0.525
10950	0.4922
11000	0.4598
11050	0.4793
11100	0.4536
11150	0.2376
11200	0.1352
11250	0.1375
11300	0.06737
11350	0.01478
11400	0.2438
11450	0.1394
11500	0.1161
11550	0.2982
11600	0.2729
11650	0.3697
11700	0.436
11750	0.4302
11800	0.4193
11850	0.388
11900	0.44
11950	0.4255
12000	0.4266
12050	0.4159
12100	0.4314
12150	0.4073
12200	0.436
12250	0.4401
12300	0.438
12350	0.4428
12400	0.4388
12450	0.435
12500	0.4356
12550	0.4296
12600	0.4112
12650	0.3776
12700	0.3698
12750	0.3934
12800	0.4027
12850	0.4046
12900	0.3941
12950	0.3869
13000	0.3376
13050	0.3668
13100	0.2882
13150	0.2737
13200	0.2479
13250	0.3085
13300	0.2199
13350	0.2218
13400	0.1617
13450	0.1049
13500	0.01544
13550	3.475e-06
13600	2.065e-06
13650	8.758e-12
13700	2.818e-07
13750	0.0003122
13800	7.881e-05
13850	2.02e-06
13900	0.000477
13950	6.495e-07
14000	3.142e-09
14050	3.529e-07
14100	0.000452
14150	0.000178
14200	0.00802
14250	0.02507
14300	0.05974
14350	0.02079
14400	0.03844
14450	0.04829
14500	0.02662
14550	0.06422
14600	0.08292
14650	0.09065
14700	0.04826
14750	0.179
14800	0.05889
14850	0.1213
14900	0.1694
14950	0.1769
15000	0.2427
15050	0.1783
15100	0.2619
15150	0.2573
15200	0.2561
15250	0.2507
15300	0.2472
15350	0.2585
15400	0.2566
15450	0.2684
15500	0.2615
15550	0.2593
15600	0.2575
15650	0.259
15700	0.2343
15750	0.2323
15800	0.237
15850	0.2506
15900	0.2342
15950	0.2501
16000	0.2307
16050	0.2294
16100	0.2108
16150	0.2335
16200	0.2272
16250	0.2304
16300	0.2292
16350	0.2265
16400	0.2085
16450	0.2115
16500	0.2184
16550	0.2156
16600	0.2166
16650	0.2055
16700	0.2151
16750	0.2073
16800	0.1996
16850	0.207
16900	0.1993
16950	0.2037
17000	0.1941
17050	0.1922
17100	0.1826
17150	0.1844
17200	0.1818
17250	0.1732
17300	0.1693
17350	0.1571
17400	0.1636
17450	0.1506
17500	0.1612
17550	0.1489
17600	0.1556
17650	0.1293
17700	0.1379
17750	0.1118
17800	0.09786
17850	0.07498
17900	0.08658
17950	0.04573
18000	0.03102
18050	0.01444
18100	0.009449
18150	0.0032
18200	0.000963
18250	0.001243
18300	5.075e-06
18350	6.26e-06
18400	6.116e-08
18450	6.112e-06
18500	2.926e-06
18550	2.771e-07
18600	1.089e-05
18650	1.66e-05
18700	2.607e-10
18750	4.417e-10
18800	7.59e-05
18850	4.3e-05
18900	0.0002189
18950	0.0001271
19000	8.467e-07
19050	5.564e-07
19100	2.266e-05
19150	1.962e-05
19200	0.0004432
19250	0.0009206
19300	0.0005432
19350	0.003533
19400	0.003226
19450	0.01068
19500	0.01643
19550	0.009857
19600	0.02151
19650	0.02803
19700	0.04792
19750	0.06654
19800	0.07402
19850	0.08139
19900	0.08388
19950	0.07955
20000	0.03738
20050	0.0147
20100	0.03896
20150	0.02613
20200	0.04411
20250	0.07257
20300	0.08322
20350	0.09453
20400	0.08809
20450	0.08938
20500	0.0667
20550	0.05393
20600	0.06796
20650	0.06078
20700	0.06453
20750	0.07608
20800	0.08528
20850	0.0836
20900	0.08752
20950	0.08816
21000	0.08462
21050	0.0915
21100	0.08806
21150	0.09005
21200	0.08603
21250	0.08705
21300	0.08816
21350	0.08842
21400	0.08913
21450	0.08788
21500	0.08313
21550	0.08332
21600	0.08267
21650	0.07496
21700	0.08054
21750	0.07903
21800	0.08036
21850	0.07324
21900	0.07768
21950	0.07761
22000	0.06997
22050	0.07273
22100	0.07795
22150	0.07497
22200	0.07641
22250	0.07418
22300	0.07451
22350	0.07308
22400	0.07193
22450	0.06971
22500	0.07083
22550	0.06667
22600	0.06595
22650	0.06716
22700	0.06395
22750	0.06312
22800	0.06536
22850	0.06221
22900	0.06235
22950	0.06043
23000	0.05802
23050	0.05837
23100	0.06301
23150	0.05736
23200	0.05134
23250	0.05546
23300	0.05607
23350	0.0572
23400	0.04523
23450	0.05072
23500	0.041
23550	0.04685
23600	0.04958
23650	0.04877
23700	0.03043
23750	0.04358
23800	0.04201
23850	0.03044
23900	0.03664
23950	0.04008
24000	0.0436
24050	0.03319
24100	0.03341
24150	0.02698
24200	0.02628
24250	0.03271
24300	0.0446
24350	0.01472
24400	0.0428
24450	0.0206
24500	0.01348
24550	0.02462
24600	0.03306
24650	0.02394
24700	0.01659
24750	0.01632
24800	0.007976
24850	0.005568
24900	0.003486
24950	0.002856
25000	0.007012
