
206
3000	1.734	0.16857	0.012	0.000479621
3013.26	1.734	0.164993	0.012	0.000381676
3026.63	1.737	0.161324	0.015	0.000420932
3040.13	1.74	0.157372	0.012	0.000264103
3053.75	1.743	0.153201	0.015	0.000301804
3067.48	1.743	0.148817	0.015	0.000257495
3081.35	1.743	0.144129	0.015	0.000222126
3095.34	1.74	0.139139	0.018	0.000240977
3109.45	1.743	0.133777	0.021	0.000260799
3123.7	1.743	0.128569	0.021	0.00023398
3138.08	1.743	0.12296	0.021	0.000211437
3152.59	1.74	0.117435	0.024	0.000226693
3167.23	1.74	0.111887	0.024	0.000210174
3182.01	1.758	0.106378	0.036	0.000293933
3196.93	1.71	0.101179	0.00289883	0.00037796
3211.99	1.70751	0.0954659	0.0028592	0.000345238
3227.19	1.70507	0.0901953	0.00282042	0.000318663
3242.54	1.731	0.0848639	0.021	0.000161639
3258.04	1.728	0.0798731	0.018	0.000142497
3273.68	1.722	0.0752465	0.012	9.51274e-05
3289.47	1.716	0.0708012	0.012	0.000107128
3305.42	1.713	0.0665549	0.009	7.82202e-05
3321.52	1.707	0.0625785	0.009	8.82285e-05
3337.78	1.704	0.0588278	0.006	4.81953e-05
3354.2	1.701	0.0554111	0.009	0.00010465
3370.79	1.698	0.0521374	0.006	5.67461e-05
3387.53	1.692	0.0490478	0.006	6.19446e-05
3404.45	1.692	0.0460894	0.006	6.49082e-05
3421.53	1.689	0.0434118	0.003	0
3438.79	1.686	0.0408839	0.006	7.21958e-05
3456.22	1.683	0.0384295	0.003	0
3473.83	1.683	0.0361183	0.003	0
3491.62	1.677	0.0340466	0.003	0
3509.59	1.677	0.0320045	0.003	0
3527.75	1.671	0.0301363	0.003	0
3546.1	1.671	0.0283308	0.003	0
3564.64	1.668	0.0265994	0.006	8.06008e-05
3583.37	1.665	0.02495	0.003	0
3602.31	1.665	0.0233697	0.003	0
3621.44	1.659	0.0219822	0.003	0
3640.78	1.659	0.0205671	0.003	0
3660.32	1.656	0.0192288	0.006	6.94265e-05
3680.08	1.653	0.0180305	0.003	0
3700.05	1.65	0.0168733	0.006	6.15316e-05
3720.24	1.647	0.0156785	0.003	0
3740.65	1.644	0.0146285	0.006	5.21792e-05
3761.28	1.644	0.0136409	0.006	4.84382e-05
3782.15	1.638	0.0126325	0.006	4.18551e-05
3803.25	1.632	0.0116768	0.006	3.53691e-05
3824.58	1.629	0.0108181	0.009	6.08271e-05
3846.15	1.62	0.0100558	0.012	6.96208e-05
3867.97	1.563	0.00943595	0.063	0.000186781
3890.04	1.554	0.00874137	0.066	0.000177234
3912.36	1.581	0.00795475	0.027	5.15476e-05
4254.11	1.539	0.00304422	0.009	4.39199e-05
4254.11	1.707	0.00287554	0.015	1.32148e-05
4280.82	1.545	0.00291557	0.009	4.37256e-05
4280.82	1.716	0.00275932	0.03	3.7021e-05
4307.87	1.551	0.00281636	0.009	4.37256e-05
4307.87	1.722	0.00267887	0.042	5.83979e-05
4335.26	1.557	0.00275189	0.009	4.34827e-05
4335.26	1.707	0.00267581	0.027	3.99846e-05
4335.26	1.764	0.00261794	0.018	7.51108e-05
4363	1.563	0.00271054	0.009	4.35313e-05
4363	1.698	0.00264107	0.018	4.28511e-05
4363	1.785	0.00257417	0.009	4.3094e-05
4391.1	1.563	0.0026966	0.009	4.88269e-05
4391.1	1.701	0.00259875	0.015	4.06648e-05
4693.37	1.60616	0.00234581	0.00142567	0.000219249
4419.56	1.569	0.00267119	0.009	4.89727e-05
4419.56	1.701	0.00257572	0.015	4.6009e-05
4448.4	1.575	0.00259793	0.009	4.88755e-05
4448.4	1.707	0.00252563	0.015	5.15962e-05
4477.61	1.581	0.00257956	0.009	4.89727e-05
4477.61	1.71	0.00251349	0.012	4.21709e-05
4507.21	1.581	0.00266828	0.009	5.48027e-05
4507.21	1.719	0.0025816	0.009	3.12881e-05
4537.21	1.584	0.00263446	0.006	2.88589e-05
4537.21	1.728	0.00255906	0.012	5.17905e-05
4567.6	1.587	0.00265443	0.009	6.10701e-05
4567.6	1.734	0.00256455	0.012	5.5823e-05
4598.41	1.59	0.00264758	0.006	3.20654e-05
4598.41	1.743	0.00256334	0.009	4.06162e-05
4629.63	1.59	0.00266264	0.006	3.5272e-05
4629.63	1.755	0.00256955	0.009	4.49888e-05
4661.28	1.59	0.00271229	0.006	3.86729e-05
4661.28	1.767	0.00260648	0.009	4.92642e-05
4693.37	1.596	0.00265866	0.006	3.84785e-05
4693.37	1.779	0.00261751	0.009	5.37825e-05
4725.9	1.596	0.00270195	0.006	4.18308e-05
4725.9	1.788	0.00261746	0.006	2.86646e-05
4758.88	1.596	0.00273095	0.006	4.50859e-05
5622.19	1.58436	0.00264076	0.00125907	0.000239479
4792.33	1.596	0.00277332	0.006	4.83896e-05
4826.25	1.596	0.00278109	0.006	5.15962e-05
4860.66	1.596	0.00281505	0.006	5.47542e-05
4895.56	1.596	0.00282817	0.006	5.78635e-05
4930.97	1.596	0.00284396	0.006	6.09243e-05
4966.89	1.596	0.00283706	0.006	6.38394e-05
5003.34	1.596	0.00286004	0.006	6.66086e-05
5040.32	1.593	0.00293772	0.003	0
5077.86	1.593	0.00294385	0.003	0
5115.96	1.593	0.00292558	0.003	0
5154.64	1.593	0.00290896	0.003	0
5193.91	1.593	0.00288438	0.003	0
5233.78	1.593	0.00286631	0.003	0
5274.26	1.593	0.00282958	0.003	0
5315.38	1.593	0.00278896	0.003	0
5357.14	1.593	0.00277254	0.003	0
5399.57	1.593	0.0027191	0.003	0
5442.67	1.593	0.00268217	0.003	0
5486.47	1.593	0.00262717	0.003	0
5530.97	1.59	0.00264792	0.006	8.72083e-05
5576.21	1.587	0.00269247	0.003	0
5622.19	1.587	0.0026125	0.003	0
5668.93	1.587	0.00255877	0.003	0
5716.46	1.587	0.00249755	0.003	0
5764.8	1.587	0.00243663	0.003	0
5813.95	1.587	0.00236676	0.003	0
5863.96	1.587	0.00226824	0.003	0
5914.83	1.587	0.00221178	0.003	0
5966.59	1.587	0.00214998	0.003	0
6019.26	1.587	0.002091	0.003	0
6072.87	1.587	0.0020293	0.003	0
6127.45	1.584	0.00204334	0.006	6.74832e-05
6183.02	1.584	0.00195992	0.006	6.45195e-05
6239.6	1.584	0.00191702	0.006	6.15559e-05
6297.23	1.584	0.00186941	0.006	5.84465e-05
6355.93	1.584	0.00180358	0.006	5.52886e-05
6415.74	1.584	0.00174027	0.006	5.20334e-05
6476.68	1.584	0.00172069	0.006	4.8584e-05
6538.8	1.584	0.00166511	0.006	4.52803e-05
6602.11	1.584	0.0016432	0.006	4.18308e-05
6666.67	1.587	0.00158	0.009	7.94834e-05
6732.5	1.587	0.00157062	0.009	7.33132e-05
6799.64	1.587	0.00154876	0.009	6.64143e-05
6868.13	1.59	0.00153287	0.012	9.30869e-05
6938.02	1.593	0.00163077	0.009	5.8155e-05
7009.35	1.596	0.00161386	0.012	8.10867e-05
7082.15	1.602	0.00155391	0.012	7.7783e-05
7156.49	1.608	0.0015198	0.012	7.48679e-05
7232.4	1.614	0.00146665	0.012	7.1467e-05
7309.94	1.623	0.00145494	0.015	9.51274e-05
7389.16	1.629	0.00146267	0.015	9.01233e-05
7470.12	1.641	0.00146247	0.015	9.32327e-05
7552.87	1.653	0.00142059	0.015	9.5759e-05
7637.47	1.665	0.00147525	0.015	9.8334e-05
7724	1.68	0.00147024	0.012	7.81716e-05
7812.5	1.695	0.0014444	0.015	0.000110043
7903.06	1.71	0.00144838	0.012	8.64309e-05
7995.74	1.728	0.00148074	0.012	9.43015e-05
8090.61	1.746	0.00140694	0.012	0.000101832
8187.77	1.761	0.00151071	0.015	0.000143031
8287.29	1.782	0.00145844	0.012	0.000124569
11503.1	1.51983	0.00238127	0.00168696	0.00051228
8493.77	1.575	0.00208148	0.009	2.33203e-06
11904.8	1.51608	0.00221343	0.00175511	0.000528089
8600.92	1.584	0.0020086	0.012	4.27539e-06
9305.21	1.644	0.00160011	0.036	3.47861e-05
9433.96	1.659	0.00156979	0.075	0.000137784
9566.33	1.59	0.00161362	0.018	0.000136132
9566.33	1.752	0.00152986	0.024	0.000127582
9702.46	1.578	0.00160166	0.012	0.000110383
13562.4	1.49993	0.00231859	0.00208294	0.000591351
9842.52	1.572	0.0016555	0.012	0.000134286
9986.68	1.563	0.00171992	0.009	0.000108537
10135.1	1.56	0.00169553	0.006	6.12158e-05
10288.1	1.554	0.00174683	0.006	6.97666e-05
10445.7	1.548	0.0018234	0.006	7.85117e-05
10608.2	1.542	0.00183662	0.006	8.80342e-05
10775.9	1.542	0.00185566	0.006	9.32813e-05
10948.9	1.539	0.0017445	0.003	0
11127.6	1.536	0.00180387	0.006	0.000108342
11312.2	1.53	0.00199228	0.006	0.000117573
11503.1	1.527	0.00200724	0.003	0
11700.5	1.527	0.00185547	0.003	0
11904.8	1.521	0.00201521	0.003	0
12116.3	1.521	0.00200336	0.003	0
12335.5	1.515	0.00221343	0.003	0
12562.8	1.512	0.00231109	0.006	0.000155955
12798.6	1.509	0.00238775	0.003	0
13043.5	1.503	0.0026744	0.003	0
13297.9	1.503	0.00262096	0.003	0
13562.4	1.497	0.00286232	0.003	0
13837.6	1.497	0.00290566	0.003	0
14124.3	1.491	0.00357204	0.003	0
14734.8	1.485	0.00404077	0.003	0
15060.2	1.479	0.00449222	0.003	0
15400.4	1.479	0.00473572	0.003	0
15756.3	1.473	0.00540734	0.003	0
16129	1.467	0.00621481	0.003	0
16519.8	1.461	0.00710759	0.003	0
16930	1.461	0.00777941	0.003	0
17361.1	1.455	0.0090457	0.003	0
17814.7	1.449	0.010464	0.003	0
18292.7	1.443	0.0120645	0.003	0
18797	1.437	0.0140821	0.003	0
19329.9	1.428	0.0168104	0.006	0.000206579
19893.9	1.419	0.0197777	0.003	0
20491.8	1.413	0.0227985	0.003	0
21126.8	1.404	0.0268142	0.006	0.000211438
21802.3	1.392	0.0316649	0.006	0.000212215
22522.5	1.383	0.0374664	0.009	0.000428122
23291.9	1.365	0.0450655	0.009	0.000414713
24115.8	1.35	0.0533164	0.012	0.000608854
25000	1.362	0.0605778	0.012	0.000697277
