wl(nm)	eTn	eTp	eRn	eRp	eR1	eAPDS	eDEL_1	ePSI_1	eDEL_2	ePSI_2	eDEL_3	ePSI_3	eDEL_4	ePSI_4
300	0.0000000	0.0000000	0.0000000	0.0000000	0.0010752	0.0000000	0.0000000	0.0000000	0.0000000	0.0000000	0.0000000	0.0000000	0.0000000	0.0000000	
301.326	0.0000000	0.0000000	0.0000000	0.0000000	0.0010760	0.0000000	0.0000000	0.0000000	0.0000000	0.0000000	0.0000000	0.0000000	0.0000000	0.0000000	
302.663	0.0000000	0.0000000	0.0000000	0.0000000	0.0010736	0.0000000	0.0000000	0.0000000	0.0000000	0.0000000	0.0000000	0.0000000	0.0000000	0.0000000	
304.013	0.0000000	0.0000000	0.0000000	0.0000000	0.0010694	0.0000000	0.0000000	0.0000000	0.0000000	0.0000000	0.0000000	0.0000000	0.0000000	0.0000000	
305.375	0.0000000	0.0000000	0.0000000	0.0000000	0.0010636	0.0000000	0.0000000	0.0000000	0.0000000	0.0000000	0.0000000	0.0000000	0.0000000	0.0000000	
306.748	0.0000000	0.0000000	0.0000000	0.0000000	0.0010543	0.0000000	0.0000000	0.0000000	0.0000000	0.0000000	0.0000000	0.0000000	0.0000000	0.0000000	
308.135	0.0000000	0.0000000	0.0000000	0.0000000	0.0010416	0.0000000	0.0000000	0.0000000	0.0000000	0.0000000	0.0000000	0.0000000	0.0000000	0.0000000	
309.534	0.0000000	0.0000000	0.0000000	0.0000000	0.0010244	0.0000000	0.0000000	0.0000000	0.0000000	0.0000000	0.0000000	0.0000000	0.0000000	0.0000000	
310.945	0.0000000	0.0000000	0.0000000	0.0000000	0.0010040	0.0000000	0.0000000	0.0000000	0.0000000	0.0000000	0.0000000	0.0000000	0.0000000	0.0000000	
312.37	0.0000000	0.0000000	0.0000000	0.0000000	0.0009826	0.0000000	0.0000000	0.0000000	0.0000000	0.0000000	0.0000000	0.0000000	0.0000000	0.0000000	
313.808	0.0000000	0.0000000	0.0000000	0.0000000	0.0009713	0.0000000	0.0000000	0.0000000	0.0000000	0.0000000	0.0000000	0.0000000	0.0000000	0.0000000	
315.259	0.0000000	0.0000000	0.0000000	0.0000000	0.0009870	0.0000000	0.0000000	0.0000000	0.0000000	0.0000000	0.0000000	0.0000000	0.0000000	0.0000000	
316.723	0.0000000	0.0000000	0.0000000	0.0000000	0.0010515	0.0000000	0.0000000	0.0000000	0.0000000	0.0000000	0.0000000	0.0000000	0.0000000	0.0000000	
318.201	0.0000000	0.0000000	0.0000000	0.0000000	0.0011934	0.0000000	0.0000000	0.0000000	0.0000000	0.0000000	0.0000000	0.0000000	0.0000000	0.0000000	
319.693	0.0000000	0.0000000	0.0000000	0.0000000	0.0014409	0.0000000	0.0000000	0.0000000	0.0000000	0.0000000	0.0000000	0.0000000	0.0000000	0.0000000	
321.199	0.0000000	0.0000000	0.0000000	0.0000000	0.0017862	0.0000000	0.0000000	0.0000000	0.0000000	0.0000000	0.0000000	0.0000000	0.0000000	0.0000000	
322.719	0.0000000	0.0000000	0.0000000	0.0000000	0.0021985	0.0000000	0.0000000	0.0000000	0.0000000	0.0000000	0.0000000	0.0000000	0.0000000	0.0000000	
324.254	0.0000000	0.0000000	0.0000000	0.0000000	0.0026502	0.0000000	0.0000000	0.0000000	0.0000000	0.0000000	0.0000000	0.0000000	0.0000000	0.0000000	
325.804	0.0000000	0.0000000	0.0000000	0.0000000	0.0030903	0.0000000	0.0000000	0.0000000	0.0000000	0.0000000	0.0000000	0.0000000	0.0000000	0.0000000	
327.368	0.0000000	0.0000000	0.0000000	0.0000000	0.0035247	0.0000000	0.0000000	0.0000000	0.0000000	0.0000000	0.0000000	0.0000000	0.0000000	0.0000000	
328.947	0.0000000	0.0000000	0.0000000	0.0000000	0.0039339	0.0000000	0.0000000	0.0000000	0.0000000	0.0000000	0.0000000	0.0000000	0.0000000	0.0000000	
330.542	0.0000000	0.0000000	0.0000000	0.0000000	0.0042824	0.0000000	0.0000000	0.0000000	0.0000000	0.0000000	0.0000000	0.0000000	0.0000000	0.0000000	
332.152	0.0000000	0.0000000	0.0000000	0.0000000	0.0045891	0.0000000	0.0000000	0.0000000	0.0000000	0.0000000	0.0000000	0.0000000	0.0000000	0.0000000	
333.778	0.0000000	0.0000000	0.0000000	0.0000000	0.0048373	0.0000000	0.0000000	0.0000000	0.0000000	0.0000000	0.0000000	0.0000000	0.0000000	0.0000000	
335.42	0.0000000	0.0000000	0.0000000	0.0000000	0.0050629	0.0000000	0.0000000	0.0000000	0.0000000	0.0000000	0.0000000	0.0000000	0.0000000	0.0000000	
337.079	0.0000000	0.0000000	0.0000000	0.0000000	0.0052483	0.0000000	0.0000000	0.0000000	0.0000000	0.0000000	0.0000000	0.0000000	0.0000000	0.0000000	
338.753	0.0000000	0.0000000	0.0000000	0.0000000	0.0054126	0.0000000	0.0000000	0.0000000	0.0000000	0.0000000	0.0000000	0.0000000	0.0000000	0.0000000	
340.445	0.0000000	0.0000000	0.0000000	0.0000000	0.0055571	0.0000000	0.0000000	0.0000000	0.0000000	0.0000000	0.0000000	0.0000000	0.0000000	0.0000000	
342.153	0.0000000	0.0000000	0.0000000	0.0000000	0.0056940	0.0000000	0.0000000	0.0000000	0.0000000	0.0000000	0.0000000	0.0000000	0.0000000	0.0000000	
343.879	0.0000000	0.0000000	0.0000000	0.0000000	0.0058201	0.0000000	0.0000000	0.0000000	0.0000000	0.0000000	0.0000000	0.0000000	0.0000000	0.0000000	
345.622	0.0000000	0.0000000	0.0000000	0.0000000	0.0059263	0.0000000	0.0000000	0.0000000	0.0000000	0.0000000	0.0000000	0.0000000	0.0000000	0.0000000	
347.383	0.0000000	0.0000000	0.0000000	0.0000000	0.0060237	0.0000000	0.0000000	0.0000000	0.0000000	0.0000000	0.0000000	0.0000000	0.0000000	0.0000000	
349.162	0.0000000	0.0000000	0.0000000	0.0000000	0.0061038	0.0000000	0.0000000	0.0000000	0.0000000	0.0000000	0.0000000	0.0000000	0.0000000	0.0000000	
350.959	0.0000000	0.0000000	0.0000000	0.0000000	0.0061802	0.0000000	0.0000000	0.0000000	0.0000000	0.0000000	0.0000000	0.0000000	0.0000000	0.0000000	
352.775	0.0000000	0.0000000	0.0000000	0.0000000	0.0062530	0.0000000	0.0000000	0.0000000	0.0000000	0.0000000	0.0000000	0.0000000	0.0000000	0.0000000	
354.61	0.0000000	0.0000000	0.0000000	0.0000000	0.0063190	0.0000000	0.0000000	0.0000000	0.0000000	0.0000000	0.0000000	0.0000000	0.0000000	0.0000000	
356.464	0.0000000	0.0000000	0.0000000	0.0000000	0.0063698	0.0000000	0.0000000	0.0000000	0.0000000	0.0000000	0.0000000	0.0000000	0.0000000	0.0000000	
358.337	0.0000000	0.0000000	0.0000000	0.0000000	0.0064284	0.0000000	0.0000000	0.0000000	0.0000000	0.0000000	0.0000000	0.0000000	0.0000000	0.0000000	
360.231	0.0000000	0.0000000	0.0000000	0.0000000	0.0064773	0.0000000	0.0000000	0.0000000	0.0000000	0.0000000	0.0000000	0.0000000	0.0000000	0.0000000	
362.144	0.0000000	0.0000000	0.0000000	0.0000000	0.0065094	0.0000000	0.0000000	0.0000000	0.0000000	0.0000000	0.0000000	0.0000000	0.0000000	0.0000000	
364.078	0.0000000	0.0000000	0.0000000	0.0000000	0.0065456	0.0000000	0.0000000	0.0000000	0.0000000	0.0000000	0.0000000	0.0000000	0.0000000	0.0000000	
366.032	0.0000000	0.0000000	0.0000000	0.0000000	0.0065899	0.0000000	0.0000000	0.0000000	0.0000000	0.0000000	0.0000000	0.0000000	0.0000000	0.0000000	
368.008	0.0000000	0.0000000	0.0000000	0.0000000	0.0066167	0.0000000	0.0000000	0.0000000	0.0000000	0.0000000	0.0000000	0.0000000	0.0000000	0.0000000	
370.005	0.0000000	0.0000000	0.0000000	0.0000000	0.0066441	0.0000000	0.0000000	0.0000000	0.0000000	0.0000000	0.0000000	0.0000000	0.0000000	0.0000000	
372.024	0.0000000	0.0000000	0.0000000	0.0000000	0.0066803	0.0000000	0.0000000	0.0000000	0.0000000	0.0000000	0.0000000	0.0000000	0.0000000	0.0000000	
374.065	0.0000000	0.0000000	0.0000000	0.0000000	0.0067077	0.0000000	0.0000000	0.0000000	0.0000000	0.0000000	0.0000000	0.0000000	0.0000000	0.0000000	
376.128	0.0000000	0.0000000	0.0000000	0.0000000	0.0067377	0.0000000	0.0000000	0.0000000	0.0000000	0.0000000	0.0000000	0.0000000	0.0000000	0.0000000	
378.215	0.0000000	0.0000000	0.0000000	0.0000000	0.0067596	0.0000000	0.0000000	0.0000000	0.0000000	0.0000000	0.0000000	0.0000000	0.0000000	0.0000000	
380.325	0.0000000	0.0000000	0.0000000	0.0000000	0.0067967	0.0000000	0.0000000	0.0000000	0.0000000	0.0000000	0.0000000	0.0000000	0.0000000	0.0000000	
382.458	0.0000000	0.0000000	0.0000000	0.0000000	0.0068299	0.0000000	0.0000000	0.0000000	0.0000000	0.0000000	0.0000000	0.0000000	0.0000000	0.0000000	
384.615	0.0000000	0.0000000	0.0000000	0.0000000	0.0068594	0.0000000	0.0000000	0.0000000	0.0000000	0.0000000	0.0000000	0.0000000	0.0000000	0.0000000	
386.797	0.0000000	0.0000000	0.0000000	0.0000000	0.0068916	0.0000000	0.0000000	0.0000000	0.0000000	0.0000000	0.0000000	0.0000000	0.0000000	0.0000000	
389.004	0.0000000	0.0000000	0.0000000	0.0000000	0.0069205	0.0000000	0.0000000	0.0000000	0.0000000	0.0000000	0.0000000	0.0000000	0.0000000	0.0000000	
391.236	0.0000000	0.0000000	0.0000000	0.0000000	0.0069488	0.0000000	0.0000000	0.0000000	0.0000000	0.0000000	0.0000000	0.0000000	0.0000000	0.0000000	
393.494	0.0000000	0.0000000	0.0000000	0.0000000	0.0069695	0.0000000	0.0000000	0.0000000	0.0000000	0.0000000	0.0000000	0.0000000	0.0000000	0.0000000	
395.778	0.0000000	0.0000000	0.0000000	0.0000000	0.0069913	0.0000000	0.0000000	0.0000000	0.0000000	0.0000000	0.0000000	0.0000000	0.0000000	0.0000000	
398.089	0.0000000	0.0000000	0.0000000	0.0000000	0.0070148	0.0000000	0.0000000	0.0000000	0.0000000	0.0000000	0.0000000	0.0000000	0.0000000	0.0000000	
400.427	0.0000000	0.0000000	0.0000000	0.0000000	0.0070319	0.0000000	0.0000000	0.0000000	0.0000000	0.0000000	0.0000000	0.0000000	0.0000000	0.0000000	
402.793	0.0000000	0.0000000	0.0000000	0.0000000	0.0070508	0.0000000	0.0000000	0.0000000	0.0000000	0.0000000	0.0000000	0.0000000	0.0000000	0.0000000	
405.186	0.0000000	0.0000000	0.0000000	0.0000000	0.0070690	0.0000000	0.0000000	0.0000000	0.0000000	0.0000000	0.0000000	0.0000000	0.0000000	0.0000000	
407.609	0.0000000	0.0000000	0.0000000	0.0000000	0.0070846	0.0000000	0.0000000	0.0000000	0.0000000	0.0000000	0.0000000	0.0000000	0.0000000	0.0000000	
410.06	0.0000000	0.0000000	0.0000000	0.0000000	0.0070992	0.0000000	0.0000000	0.0000000	0.0000000	0.0000000	0.0000000	0.0000000	0.0000000	0.0000000	
412.541	0.0000000	0.0000000	0.0000000	0.0000000	0.0071187	0.0000000	0.0000000	0.0000000	0.0000000	0.0000000	0.0000000	0.0000000	0.0000000	0.0000000	
415.053	0.0000000	0.0000000	0.0000000	0.0000000	0.0071275	0.0000000	0.0000000	0.0000000	0.0000000	0.0000000	0.0000000	0.0000000	0.0000000	0.0000000	
417.595	0.0000000	0.0000000	0.0000000	0.0000000	0.0071422	0.0000000	0.0000000	0.0000000	0.0000000	0.0000000	0.0000000	0.0000000	0.0000000	0.0000000	
420.168	0.0000000	0.0000000	0.0000000	0.0000000	0.0071514	0.0000000	0.0000000	0.0000000	0.0000000	0.0000000	0.0000000	0.0000000	0.0000000	0.0000000	
422.773	0.0000000	0.0000000	0.0000000	0.0000000	0.0071688	0.0000000	0.0000000	0.0000000	0.0000000	0.0000000	0.0000000	0.0000000	0.0000000	0.0000000	
425.411	0.0000000	0.0000000	0.0000000	0.0000000	0.0071788	0.0000000	0.0000000	0.0000000	0.0000000	0.0000000	0.0000000	0.0000000	0.0000000	0.0000000	
428.082	0.0000000	0.0000000	0.0000000	0.0000000	0.0071839	0.0000000	0.0000000	0.0000000	0.0000000	0.0000000	0.0000000	0.0000000	0.0000000	0.0000000	
430.787	0.0000000	0.0000000	0.0000000	0.0000000	0.0071974	0.0000000	0.0000000	0.0000000	0.0000000	0.0000000	0.0000000	0.0000000	0.0000000	0.0000000	
433.526	0.0000000	0.0000000	0.0000000	0.0000000	0.0072114	0.0000000	0.0000000	0.0000000	0.0000000	0.0000000	0.0000000	0.0000000	0.0000000	0.0000000	
436.3	0.0000000	0.0000000	0.0000000	0.0000000	0.0072177	0.0000000	0.0000000	0.0000000	0.0000000	0.0000000	0.0000000	0.0000000	0.0000000	0.0000000	
439.11	0.0000000	0.0000000	0.0000000	0.0000000	0.0072260	0.0000000	0.0000000	0.0000000	0.0000000	0.0000000	0.0000000	0.0000000	0.0000000	0.0000000	
441.956	0.0000000	0.0000000	0.0000000	0.0000000	0.0072402	0.0000000	0.0000000	0.0000000	0.0000000	0.0000000	0.0000000	0.0000000	0.0000000	0.0000000	
444.84	0.0000000	0.0000000	0.0000000	0.0000000	0.0072496	0.0000000	0.0000000	0.0000000	0.0000000	0.0000000	0.0000000	0.0000000	0.0000000	0.0000000	
447.761	0.0000000	0.0000000	0.0000000	0.0000000	0.0072546	0.0000000	0.0000000	0.0000000	0.0000000	0.0000000	0.0000000	0.0000000	0.0000000	0.0000000	
450.721	0.0000000	0.0000000	0.0000000	0.0000000	0.0072620	0.0000000	0.0000000	0.0000000	0.0000000	0.0000000	0.0000000	0.0000000	0.0000000	0.0000000	
453.721	0.0000000	0.0000000	0.0000000	0.0000000	0.0072712	0.0000000	0.0000000	0.0000000	0.0000000	0.0000000	0.0000000	0.0000000	0.0000000	0.0000000	
456.76	0.0000000	0.0000000	0.0000000	0.0000000	0.0072779	0.0000000	0.0000000	0.0000000	0.0000000	0.0000000	0.0000000	0.0000000	0.0000000	0.0000000	
459.841	0.0000000	0.0000000	0.0000000	0.0000000	0.0072855	0.0000000	0.0000000	0.0000000	0.0000000	0.0000000	0.0000000	0.0000000	0.0000000	0.0000000	
462.963	0.0000000	0.0000000	0.0000000	0.0000000	0.0072960	0.0000000	0.0000000	0.0000000	0.0000000	0.0000000	0.0000000	0.0000000	0.0000000	0.0000000	
466.128	0.0000000	0.0000000	0.0000000	0.0000000	0.0073042	0.0000000	0.0000000	0.0000000	0.0000000	0.0000000	0.0000000	0.0000000	0.0000000	0.0000000	
469.337	0.0000000	0.0000000	0.0000000	0.0000000	0.0073132	0.0000000	0.0000000	0.0000000	0.0000000	0.0000000	0.0000000	0.0000000	0.0000000	0.0000000	
472.59	0.0000000	0.0000000	0.0000000	0.0000000	0.0073196	0.0000000	0.0000000	0.0000000	0.0000000	0.0000000	0.0000000	0.0000000	0.0000000	0.0000000	
475.888	0.0000000	0.0000000	0.0000000	0.0000000	0.0073257	0.0000000	0.0000000	0.0000000	0.0000000	0.0000000	0.0000000	0.0000000	0.0000000	0.0000000	
479.233	0.0000000	0.0000000	0.0000000	0.0000000	0.0073335	0.0000000	0.0000000	0.0000000	0.0000000	0.0000000	0.0000000	0.0000000	0.0000000	0.0000000	
482.625	0.0000000	0.0000000	0.0000000	0.0000000	0.0073360	0.0000000	0.0000000	0.0000000	0.0000000	0.0000000	0.0000000	0.0000000	0.0000000	0.0000000	
486.066	0.0000000	0.0000000	0.0000000	0.0000000	0.0073388	0.0000000	0.0000000	0.0000000	0.0000000	0.0000000	0.0000000	0.0000000	0.0000000	0.0000000	
489.556	0.0000000	0.0000000	0.0000000	0.0000000	0.0073435	0.0000000	0.0000000	0.0000000	0.0000000	0.0000000	0.0000000	0.0000000	0.0000000	0.0000000	
493.097	0.0000000	0.0000000	0.0000000	0.0000000	0.0073450	0.0000000	0.0000000	0.0000000	0.0000000	0.0000000	0.0000000	0.0000000	0.0000000	0.0000000	
496.689	0.0000000	0.0000000	0.0000000	0.0000000	0.0073449	0.0000000	0.0000000	0.0000000	0.0000000	0.0000000	0.0000000	0.0000000	0.0000000	0.0000000	
500.334	0.0000000	0.0000000	0.0000000	0.0000000	0.0073457	0.0000000	0.0000000	0.0000000	0.0000000	0.0000000	0.0000000	0.0000000	0.0000000	0.0000000	
504.032	0.0000000	0.0000000	0.0000000	0.0000000	0.0073502	0.0000000	0.0000000	0.0000000	0.0000000	0.0000000	0.0000000	0.0000000	0.0000000	0.0000000	
507.786	0.0000000	0.0000000	0.0000000	0.0000000	0.0073519	0.0000000	0.0000000	0.0000000	0.0000000	0.0000000	0.0000000	0.0000000	0.0000000	0.0000000	
511.596	0.0000000	0.0000000	0.0000000	0.0000000	0.0073575	0.0000000	0.0000000	0.0000000	0.0000000	0.0000000	0.0000000	0.0000000	0.0000000	0.0000000	
515.464	0.0000000	0.0000000	0.0000000	0.0000000	0.0073635	0.0000000	0.0000000	0.0000000	0.0000000	0.0000000	0.0000000	0.0000000	0.0000000	0.0000000	
519.391	0.0000000	0.0000000	0.0000000	0.0000000	0.0073728	0.0000000	0.0000000	0.0000000	0.0000000	0.0000000	0.0000000	0.0000000	0.0000000	0.0000000	
523.378	0.0000000	0.0000000	0.0000000	0.0000000	0.0073765	0.0000000	0.0000000	0.0000000	0.0000000	0.0000000	0.0000000	0.0000000	0.0000000	0.0000000	
527.426	0.0000000	0.0000000	0.0000000	0.0000000	0.0073787	0.0000000	0.0000000	0.0000000	0.0000000	0.0000000	0.0000000	0.0000000	0.0000000	0.0000000	
531.538	0.0000000	0.0000000	0.0000000	0.0000000	0.0073798	0.0000000	0.0000000	0.0000000	0.0000000	0.0000000	0.0000000	0.0000000	0.0000000	0.0000000	
535.714	0.0000000	0.0000000	0.0000000	0.0000000	0.0073833	0.0000000	0.0000000	0.0000000	0.0000000	0.0000000	0.0000000	0.0000000	0.0000000	0.0000000	
539.957	0.0000000	0.0000000	0.0000000	0.0000000	0.0073841	0.0000000	0.0000000	0.0000000	0.0000000	0.0000000	0.0000000	0.0000000	0.0000000	0.0000000	
544.267	0.0000000	0.0000000	0.0000000	0.0000000	0.0073875	0.0000000	0.0000000	0.0000000	0.0000000	0.0000000	0.0000000	0.0000000	0.0000000	0.0000000	
548.647	0.0000000	0.0000000	0.0000000	0.0000000	0.0073889	0.0000000	0.0000000	0.0000000	0.0000000	0.0000000	0.0000000	0.0000000	0.0000000	0.0000000	
553.097	0.0000000	0.0000000	0.0000000	0.0000000	0.0073940	0.0000000	0.0000000	0.0000000	0.0000000	0.0000000	0.0000000	0.0000000	0.0000000	0.0000000	
557.621	0.0000000	0.0000000	0.0000000	0.0000000	0.0073968	0.0000000	0.0000000	0.0000000	0.0000000	0.0000000	0.0000000	0.0000000	0.0000000	0.0000000	
562.219	0.0000000	0.0000000	0.0000000	0.0000000	0.0073989	0.0000000	0.0000000	0.0000000	0.0000000	0.0000000	0.0000000	0.0000000	0.0000000	0.0000000	
566.893	0.0000000	0.0000000	0.0000000	0.0000000	0.0074014	0.0000000	0.0000000	0.0000000	0.0000000	0.0000000	0.0000000	0.0000000	0.0000000	0.0000000	
571.646	0.0000000	0.0000000	0.0000000	0.0000000	0.0074044	0.0000000	0.0000000	0.0000000	0.0000000	0.0000000	0.0000000	0.0000000	0.0000000	0.0000000	
576.48	0.0000000	0.0000000	0.0000000	0.0000000	0.0074084	0.0000000	0.0000000	0.0000000	0.0000000	0.0000000	0.0000000	0.0000000	0.0000000	0.0000000	
581.395	0.0000000	0.0000000	0.0000000	0.0000000	0.0074088	0.0000000	0.0000000	0.0000000	0.0000000	0.0000000	0.0000000	0.0000000	0.0000000	0.0000000	
586.396	0.0000000	0.0000000	0.0000000	0.0000000	0.0074095	0.0000000	0.0000000	0.0000000	0.0000000	0.0000000	0.0000000	0.0000000	0.0000000	0.0000000	
591.483	0.0000000	0.0000000	0.0000000	0.0000000	0.0074095	0.0000000	0.0000000	0.0000000	0.0000000	0.0000000	0.0000000	0.0000000	0.0000000	0.0000000	
596.659	0.0000000	0.0000000	0.0000000	0.0000000	0.0074078	0.0000000	0.0000000	0.0000000	0.0000000	0.0000000	0.0000000	0.0000000	0.0000000	0.0000000	
601.926	0.0000000	0.0000000	0.0000000	0.0000000	0.0074088	0.0000000	0.0000000	0.0000000	0.0000000	0.0000000	0.0000000	0.0000000	0.0000000	0.0000000	
607.287	0.0000000	0.0000000	0.0000000	0.0000000	0.0074120	0.0000000	0.0000000	0.0000000	0.0000000	0.0000000	0.0000000	0.0000000	0.0000000	0.0000000	
612.745	0.0000000	0.0000000	0.0000000	0.0000000	0.0074166	0.0000000	0.0000000	0.0000000	0.0000000	0.0000000	0.0000000	0.0000000	0.0000000	0.0000000	
618.302	0.0000000	0.0000000	0.0000000	0.0000000	0.0074193	0.0000000	0.0000000	0.0000000	0.0000000	0.0000000	0.0000000	0.0000000	0.0000000	0.0000000	
623.96	0.0000000	0.0000000	0.0000000	0.0000000	0.0074217	0.0000000	0.0000000	0.0000000	0.0000000	0.0000000	0.0000000	0.0000000	0.0000000	0.0000000	
629.723	0.0000000	0.0000000	0.0000000	0.0000000	0.0074213	0.0000000	0.0000000	0.0000000	0.0000000	0.0000000	0.0000000	0.0000000	0.0000000	0.0000000	
635.593	0.0000000	0.0000000	0.0000000	0.0000000	0.0074282	0.0000000	0.0000000	0.0000000	0.0000000	0.0000000	0.0000000	0.0000000	0.0000000	0.0000000	
641.574	0.0000000	0.0000000	0.0000000	0.0000000	0.0074306	0.0000000	0.0000000	0.0000000	0.0000000	0.0000000	0.0000000	0.0000000	0.0000000	0.0000000	
647.668	0.0000000	0.0000000	0.0000000	0.0000000	0.0074263	0.0000000	0.0000000	0.0000000	0.0000000	0.0000000	0.0000000	0.0000000	0.0000000	0.0000000	
653.88	0.0000000	0.0000000	0.0000000	0.0000000	0.0074268	0.0000000	0.0000000	0.0000000	0.0000000	0.0000000	0.0000000	0.0000000	0.0000000	0.0000000	
660.211	0.0000000	0.0000000	0.0000000	0.0000000	0.0074264	0.0000000	0.0000000	0.0000000	0.0000000	0.0000000	0.0000000	0.0000000	0.0000000	0.0000000	
666.667	0.0000000	0.0000000	0.0000000	0.0000000	0.0074282	0.0000000	0.0000000	0.0000000	0.0000000	0.0000000	0.0000000	0.0000000	0.0000000	0.0000000	
673.25	0.0000000	0.0000000	0.0000000	0.0000000	0.0074317	0.0000000	0.0000000	0.0000000	0.0000000	0.0000000	0.0000000	0.0000000	0.0000000	0.0000000	
679.964	0.0000000	0.0000000	0.0000000	0.0000000	0.0074366	0.0000000	0.0000000	0.0000000	0.0000000	0.0000000	0.0000000	0.0000000	0.0000000	0.0000000	
686.813	0.0000000	0.0000000	0.0000000	0.0000000	0.0074366	0.0000000	0.0000000	0.0000000	0.0000000	0.0000000	0.0000000	0.0000000	0.0000000	0.0000000	
693.802	0.0000000	0.0000000	0.0000000	0.0000000	0.0074375	0.0000000	0.0000000	0.0000000	0.0000000	0.0000000	0.0000000	0.0000000	0.0000000	0.0000000	
700.935	0.0000000	0.0000000	0.0000000	0.0000000	0.0074380	0.0000000	0.0000000	0.0000000	0.0000000	0.0000000	0.0000000	0.0000000	0.0000000	0.0000000	
708.215	0.0000000	0.0000000	0.0000000	0.0000000	0.0074400	0.0000000	0.0000000	0.0000000	0.0000000	0.0000000	0.0000000	0.0000000	0.0000000	0.0000000	
715.649	0.0000000	0.0000000	0.0000000	0.0000000	0.0074459	0.0000000	0.0000000	0.0000000	0.0000000	0.0000000	0.0000000	0.0000000	0.0000000	0.0000000	
723.24	0.0000000	0.0000000	0.0000000	0.0000000	0.0074536	0.0000000	0.0000000	0.0000000	0.0000000	0.0000000	0.0000000	0.0000000	0.0000000	0.0000000	
730.994	0.0000000	0.0000000	0.0000000	0.0000000	0.0074544	0.0000000	0.0000000	0.0000000	0.0000000	0.0000000	0.0000000	0.0000000	0.0000000	0.0000000	
738.916	0.0000000	0.0000000	0.0000000	0.0000000	0.0074563	0.0000000	0.0000000	0.0000000	0.0000000	0.0000000	0.0000000	0.0000000	0.0000000	0.0000000	
747.012	0.0000000	0.0000000	0.0000000	0.0000000	0.0074550	0.0000000	0.0000000	0.0000000	0.0000000	0.0000000	0.0000000	0.0000000	0.0000000	0.0000000	
755.287	0.0000000	0.0000000	0.0000000	0.0000000	0.0074575	0.0000000	0.0000000	0.0000000	0.0000000	0.0000000	0.0000000	0.0000000	0.0000000	0.0000000	
763.747	0.0000000	0.0000000	0.0000000	0.0000000	0.0074586	0.0000000	0.0000000	0.0000000	0.0000000	0.0000000	0.0000000	0.0000000	0.0000000	0.0000000	
772.4	0.0000000	0.0000000	0.0000000	0.0000000	0.0074628	0.0000000	0.0000000	0.0000000	0.0000000	0.0000000	0.0000000	0.0000000	0.0000000	0.0000000	
781.25	0.0000000	0.0000000	0.0000000	0.0000000	0.0074729	0.0000000	0.0000000	0.0000000	0.0000000	0.0000000	0.0000000	0.0000000	0.0000000	0.0000000	
790.306	0.0000000	0.0000000	0.0000000	0.0000000	0.0074710	0.0000000	0.0000000	0.0000000	0.0000000	0.0000000	0.0000000	0.0000000	0.0000000	0.0000000	
799.574	0.0000000	0.0000000	0.0000000	0.0000000	0.0074931	0.0000000	0.0000000	0.0000000	0.0000000	0.0000000	0.0000000	0.0000000	0.0000000	0.0000000	
809.061	0.0000000	0.0000000	0.0000000	0.0000000	0.0075175	0.0000000	0.0000000	0.0000000	0.0000000	0.0000000	0.0000000	0.0000000	0.0000000	0.0000000	
818.777	0.0000000	0.0000000	0.0000000	0.0000000	0.0075665	0.0000000	0.0000000	0.0000000	0.0000000	0.0000000	0.0000000	0.0000000	0.0000000	0.0000000	
828.729	0.0000000	0.0000000	0.0000000	0.0000000	0.0077403	0.0000000	0.0000000	0.0000000	0.0000000	0.0000000	0.0000000	0.0000000	0.0000000	0.0000000	
838.926	0.0000000	0.0000000	0.0000000	0.0000000	0.0081966	0.0000000	0.0000000	0.0000000	0.0000000	0.0000000	0.0000000	0.0000000	0.0000000	0.0000000	
849.377	0.0000000	0.0000000	0.0000000	0.0000000	0.0092002	0.0000000	0.0000000	0.0000000	0.0000000	0.0000000	0.0000000	0.0000000	0.0000000	0.0000000	
860.092	0.0000000	0.0000000	0.0000000	0.0000000	0.0099485	0.0000000	0.0000000	0.0000000	0.0000000	0.0000000	0.0000000	0.0000000	0.0000000	0.0000000	
871.08	0.0000000	0.0000000	0.0000000	0.0000000	0.0074006	0.0000000	0.0000000	0.0000000	0.0000000	0.0000000	0.0000000	0.0000000	0.0000000	0.0000000	
882.353	0.0000000	0.0000000	0.0000000	0.0000000	0.0073957	0.0000000	0.0000000	0.0000000	0.0000000	0.0000000	0.0000000	0.0000000	0.0000000	0.0000000	
893.921	0.0000000	0.0000000	0.0000000	0.0000000	0.0074028	0.0000000	0.0000000	0.0000000	0.0000000	0.0000000	0.0000000	0.0000000	0.0000000	0.0000000	
905.797	0.0000000	0.0000000	0.0000000	0.0000000	0.0074020	0.0000000	0.0000000	0.0000000	0.0000000	0.0000000	0.0000000	0.0000000	0.0000000	0.0000000	
917.993	0.0000000	0.0000000	0.0000000	0.0000000	0.0073985	0.0000000	0.0000000	0.0000000	0.0000000	0.0000000	0.0000000	0.0000000	0.0000000	0.0000000	
930.521	0.0000000	0.0000000	0.0000000	0.0000000	0.0074132	0.0000000	0.0000000	0.0000000	0.0000000	0.0000000	0.0000000	0.0000000	0.0000000	0.0000000	
943.396	0.0000000	0.0000000	0.0000000	0.0000000	0.0074094	0.0000000	0.0000000	0.0000000	0.0000000	0.0000000	0.0000000	0.0000000	0.0000000	0.0000000	
956.633	0.0000000	0.0000000	0.0000000	0.0000000	0.0074109	0.0000000	0.0000000	0.0000000	0.0000000	0.0000000	0.0000000	0.0000000	0.0000000	0.0000000	
970.246	0.0000000	0.0000000	0.0000000	0.0000000	0.0074057	0.0000000	0.0000000	0.0000000	0.0000000	0.0000000	0.0000000	0.0000000	0.0000000	0.0000000	
984.252	0.0000000	0.0000000	0.0000000	0.0000000	0.0074145	0.0000000	0.0000000	0.0000000	0.0000000	0.0000000	0.0000000	0.0000000	0.0000000	0.0000000	
998.668	0.0000000	0.0000000	0.0000000	0.0000000	0.0074200	0.0000000	0.0000000	0.0000000	0.0000000	0.0000000	0.0000000	0.0000000	0.0000000	0.0000000	
1013.51	0.0000000	0.0000000	0.0000000	0.0000000	0.0074233	0.0000000	0.0000000	0.0000000	0.0000000	0.0000000	0.0000000	0.0000000	0.0000000	0.0000000	
1028.81	0.0000000	0.0000000	0.0000000	0.0000000	0.0074209	0.0000000	0.0000000	0.0000000	0.0000000	0.0000000	0.0000000	0.0000000	0.0000000	0.0000000	
1044.57	0.0000000	0.0000000	0.0000000	0.0000000	0.0074211	0.0000000	0.0000000	0.0000000	0.0000000	0.0000000	0.0000000	0.0000000	0.0000000	0.0000000	
1060.82	0.0000000	0.0000000	0.0000000	0.0000000	0.0074202	0.0000000	0.0000000	0.0000000	0.0000000	0.0000000	0.0000000	0.0000000	0.0000000	0.0000000	
1077.59	0.0000000	0.0000000	0.0000000	0.0000000	0.0074190	0.0000000	0.0000000	0.0000000	0.0000000	0.0000000	0.0000000	0.0000000	0.0000000	0.0000000	
1094.89	0.0000000	0.0000000	0.0000000	0.0000000	0.0074303	0.0000000	0.0000000	0.0000000	0.0000000	0.0000000	0.0000000	0.0000000	0.0000000	0.0000000	
1112.76	0.0000000	0.0000000	0.0000000	0.0000000	0.0074304	0.0000000	0.0000000	0.0000000	0.0000000	0.0000000	0.0000000	0.0000000	0.0000000	0.0000000	
1131.22	0.0000000	0.0000000	0.0000000	0.0000000	0.0074216	0.0000000	0.0000000	0.0000000	0.0000000	0.0000000	0.0000000	0.0000000	0.0000000	0.0000000	
1150.31	0.0000000	0.0000000	0.0000000	0.0000000	0.0074363	0.0000000	0.0000000	0.0000000	0.0000000	0.0000000	0.0000000	0.0000000	0.0000000	0.0000000	
1170.05	0.0000000	0.0000000	0.0000000	0.0000000	0.0074404	0.0000000	0.0000000	0.0000000	0.0000000	0.0000000	0.0000000	0.0000000	0.0000000	0.0000000	
1190.48	0.0000000	0.0000000	0.0000000	0.0000000	0.0074326	0.0000000	0.0000000	0.0000000	0.0000000	0.0000000	0.0000000	0.0000000	0.0000000	0.0000000	
1211.63	0.0000000	0.0000000	0.0000000	0.0000000	0.0074394	0.0000000	0.0000000	0.0000000	0.0000000	0.0000000	0.0000000	0.0000000	0.0000000	0.0000000	
1233.55	0.0000000	0.0000000	0.0000000	0.0000000	0.0074436	0.0000000	0.0000000	0.0000000	0.0000000	0.0000000	0.0000000	0.0000000	0.0000000	0.0000000	
1256.28	0.0000000	0.0000000	0.0000000	0.0000000	0.0074408	0.0000000	0.0000000	0.0000000	0.0000000	0.0000000	0.0000000	0.0000000	0.0000000	0.0000000	
1279.86	0.0000000	0.0000000	0.0000000	0.0000000	0.0074421	0.0000000	0.0000000	0.0000000	0.0000000	0.0000000	0.0000000	0.0000000	0.0000000	0.0000000	
1304.35	0.0000000	0.0000000	0.0000000	0.0000000	0.0074506	0.0000000	0.0000000	0.0000000	0.0000000	0.0000000	0.0000000	0.0000000	0.0000000	0.0000000	
1329.79	0.0000000	0.0000000	0.0000000	0.0000000	0.0074527	0.0000000	0.0000000	0.0000000	0.0000000	0.0000000	0.0000000	0.0000000	0.0000000	0.0000000	
1356.24	0.0000000	0.0000000	0.0000000	0.0000000	0.0074668	0.0000000	0.0000000	0.0000000	0.0000000	0.0000000	0.0000000	0.0000000	0.0000000	0.0000000	
1383.76	0.0000000	0.0000000	0.0000000	0.0000000	0.0074684	0.0000000	0.0000000	0.0000000	0.0000000	0.0000000	0.0000000	0.0000000	0.0000000	0.0000000	
1412.43	0.0000000	0.0000000	0.0000000	0.0000000	0.0074547	0.0000000	0.0000000	0.0000000	0.0000000	0.0000000	0.0000000	0.0000000	0.0000000	0.0000000	
1442.31	0.0000000	0.0000000	0.0000000	0.0000000	0.0074591	0.0000000	0.0000000	0.0000000	0.0000000	0.0000000	0.0000000	0.0000000	0.0000000	0.0000000	
1473.48	0.0000000	0.0000000	0.0000000	0.0000000	0.0074709	0.0000000	0.0000000	0.0000000	0.0000000	0.0000000	0.0000000	0.0000000	0.0000000	0.0000000	
1506.02	0.0000000	0.0000000	0.0000000	0.0000000	0.0074821	0.0000000	0.0000000	0.0000000	0.0000000	0.0000000	0.0000000	0.0000000	0.0000000	0.0000000	
1540.04	0.0000000	0.0000000	0.0000000	0.0000000	0.0074819	0.0000000	0.0000000	0.0000000	0.0000000	0.0000000	0.0000000	0.0000000	0.0000000	0.0000000	
1575.63	0.0000000	0.0000000	0.0000000	0.0000000	0.0074952	0.0000000	0.0000000	0.0000000	0.0000000	0.0000000	0.0000000	0.0000000	0.0000000	0.0000000	
1612.9	0.0000000	0.0000000	0.0000000	0.0000000	0.0074943	0.0000000	0.0000000	0.0000000	0.0000000	0.0000000	0.0000000	0.0000000	0.0000000	0.0000000	
1651.98	0.0000000	0.0000000	0.0000000	0.0000000	0.0074984	0.0000000	0.0000000	0.0000000	0.0000000	0.0000000	0.0000000	0.0000000	0.0000000	0.0000000	
1693	0.0000000	0.0000000	0.0000000	0.0000000	0.0074951	0.0000000	0.0000000	0.0000000	0.0000000	0.0000000	0.0000000	0.0000000	0.0000000	0.0000000	
1736.11	0.0000000	0.0000000	0.0000000	0.0000000	0.0074859	0.0000000	0.0000000	0.0000000	0.0000000	0.0000000	0.0000000	0.0000000	0.0000000	0.0000000	
1781.47	0.0000000	0.0000000	0.0000000	0.0000000	0.0074763	0.0000000	0.0000000	0.0000000	0.0000000	0.0000000	0.0000000	0.0000000	0.0000000	0.0000000	
1829.27	0.0000000	0.0000000	0.0000000	0.0000000	0.0074739	0.0000000	0.0000000	0.0000000	0.0000000	0.0000000	0.0000000	0.0000000	0.0000000	0.0000000	
1879.7	0.0000000	0.0000000	0.0000000	0.0000000	0.0074660	0.0000000	0.0000000	0.0000000	0.0000000	0.0000000	0.0000000	0.0000000	0.0000000	0.0000000	
1932.99	0.0000000	0.0000000	0.0000000	0.0000000	0.0074622	0.0000000	0.0000000	0.0000000	0.0000000	0.0000000	0.0000000	0.0000000	0.0000000	0.0000000	
1989.39	0.0000000	0.0000000	0.0000000	0.0000000	0.0074559	0.0000000	0.0000000	0.0000000	0.0000000	0.0000000	0.0000000	0.0000000	0.0000000	0.0000000	
2049.18	0.0000000	0.0000000	0.0000000	0.0000000	0.0074472	0.0000000	0.0000000	0.0000000	0.0000000	0.0000000	0.0000000	0.0000000	0.0000000	0.0000000	
2112.68	0.0000000	0.0000000	0.0000000	0.0000000	0.0074368	0.0000000	0.0000000	0.0000000	0.0000000	0.0000000	0.0000000	0.0000000	0.0000000	0.0000000	
2180.23	0.0000000	0.0000000	0.0000000	0.0000000	0.0073909	0.0000000	0.0000000	0.0000000	0.0000000	0.0000000	0.0000000	0.0000000	0.0000000	0.0000000	
2252.25	0.0000000	0.0000000	0.0000000	0.0000000	0.0073418	0.0000000	0.0000000	0.0000000	0.0000000	0.0000000	0.0000000	0.0000000	0.0000000	0.0000000	
2329.19	0.0000000	0.0000000	0.0000000	0.0000000	0.0073488	0.0000000	0.0000000	0.0000000	0.0000000	0.0000000	0.0000000	0.0000000	0.0000000	0.0000000	
2411.58	0.0000000	0.0000000	0.0000000	0.0000000	0.0073400	0.0000000	0.0000000	0.0000000	0.0000000	0.0000000	0.0000000	0.0000000	0.0000000	0.0000000	
2500	0.0000000	0.0000000	0.0000000	0.0000000	0.0072370	0.0000000	0.0000000	0.0000000	0.0000000	0.0000000	0.0000000	0.0000000	0.0000000	0.0000000	
