wl(nm)
300	
301.326	
302.663	
304.013	
305.375	
306.748	
308.135	
309.534	
310.945	
312.37	
313.808	
315.259	
316.723	
318.201	
319.693	
321.199	
322.719	
324.254	
325.804	
327.368	
328.947	
330.542	
332.152	
333.778	
335.42	
337.079	
338.753	
340.445	
342.153	
343.879	
345.622	
347.383	
349.162	
350.959	
352.775	
354.61	
356.464	
358.337	
360.231	
362.144	
364.078	
366.032	
368.008	
370.005	
372.024	
374.065	
376.128	
378.215	
380.325	
382.458	
384.615	
386.797	
389.004	
391.236	
393.494	
395.778	
398.089	
400.427	
402.793	
405.186	
407.609	
410.06	
412.541	
415.053	
417.595	
420.168	
422.773	
425.411	
428.082	
430.787	
433.526	
436.3	
439.11	
441.956	
444.84	
447.761	
450.721	
453.721	
456.76	
459.841	
462.963	
466.128	
469.337	
472.59	
475.888	
479.233	
482.625	
486.066	
489.556	
493.097	
496.689	
500.334	
504.032	
507.786	
511.596	
515.464	
519.391	
523.378	
527.426	
531.538	
535.714	
539.957	
544.267	
548.647	
553.097	
557.621	
562.219	
566.893	
571.646	
576.48	
581.395	
586.396	
591.483	
596.659	
601.926	
607.287	
612.745	
618.302	
623.96	
629.723	
635.593	
641.574	
647.668	
653.88	
660.211	
666.667	
673.25	
679.964	
686.813	
693.802	
700.935	
708.215	
715.649	
723.24	
730.994	
738.916	
747.012	
755.287	
763.747	
772.4	
781.25	
790.306	
799.574	
809.061	
818.777	
828.729	
838.926	
849.377	
860.092	
871.08	
882.353	
893.921	
905.797	
917.993	
930.521	
943.396	
956.633	
970.246	
984.252	
998.668	
1013.51	
1028.81	
1044.57	
1060.82	
1077.59	
1094.89	
1112.76	
1131.22	
1150.31	
1170.05	
1190.48	
1211.63	
1233.55	
1256.28	
1279.86	
1304.35	
1329.79	
1356.24	
1383.76	
1412.43	
1442.31	
1473.48	
1506.02	
1540.04	
1575.63	
1612.9	
1651.98	
1693	
1736.11	
1781.47	
1829.27	
1879.7	
1932.99	
1989.39	
2049.18	
2112.68	
2180.23	
2252.25	
2329.19	
2411.58	
2500	
