wl(nm)	Tn	Tp	Rn	Rp	R1	APDS	DEL_1	PSI_1	DEL_2	PSI_2	DEL_3	PSI_3	DEL_4	PSI_4
300	0.0000000	0.0000000	0.0000000	0.0000000	0.0756775	0.8814053	0.0000000	0.0000000	0.0000000	0.0000000	0.0000000	0.0000000	0.0000000	0.0000000	
301.326	0.0000000	0.0000000	0.0000000	0.0000000	0.0758872	0.8798926	0.0000000	0.0000000	0.0000000	0.0000000	0.0000000	0.0000000	0.0000000	0.0000000	
302.663	0.0000000	0.0000000	0.0000000	0.0000000	0.0756390	0.8779574	0.0000000	0.0000000	0.0000000	0.0000000	0.0000000	0.0000000	0.0000000	0.0000000	
304.013	0.0000000	0.0000000	0.0000000	0.0000000	0.0751566	0.8757408	0.0000000	0.0000000	0.0000000	0.0000000	0.0000000	0.0000000	0.0000000	0.0000000	
305.375	0.0000000	0.0000000	0.0000000	0.0000000	0.0744269	0.8740429	0.0000000	0.0000000	0.0000000	0.0000000	0.0000000	0.0000000	0.0000000	0.0000000	
306.748	0.0000000	0.0000000	0.0000000	0.0000000	0.0732286	0.8723330	0.0000000	0.0000000	0.0000000	0.0000000	0.0000000	0.0000000	0.0000000	0.0000000	
308.135	0.0000000	0.0000000	0.0000000	0.0000000	0.0715412	0.8709600	0.0000000	0.0000000	0.0000000	0.0000000	0.0000000	0.0000000	0.0000000	0.0000000	
309.534	0.0000000	0.0000000	0.0000000	0.0000000	0.0692412	0.8696642	0.0000000	0.0000000	0.0000000	0.0000000	0.0000000	0.0000000	0.0000000	0.0000000	
310.945	0.0000000	0.0000000	0.0000000	0.0000000	0.0664833	0.8673956	0.0000000	0.0000000	0.0000000	0.0000000	0.0000000	0.0000000	0.0000000	0.0000000	
312.37	0.0000000	0.0000000	0.0000000	0.0000000	0.0635830	0.8647498	0.0000000	0.0000000	0.0000000	0.0000000	0.0000000	0.0000000	0.0000000	0.0000000	
313.808	0.0000000	0.0000000	0.0000000	0.0000000	0.0620927	0.8638126	0.0000000	0.0000000	0.0000000	0.0000000	0.0000000	0.0000000	0.0000000	0.0000000	
315.259	0.0000000	0.0000000	0.0000000	0.0000000	0.0643539	0.8616370	0.0000000	0.0000000	0.0000000	0.0000000	0.0000000	0.0000000	0.0000000	0.0000000	
316.723	0.0000000	0.0000000	0.0000000	0.0000000	0.0733816	0.8599654	0.0000000	0.0000000	0.0000000	0.0000000	0.0000000	0.0000000	0.0000000	0.0000000	
318.201	0.0000000	0.0000000	0.0000000	0.0000000	0.0931513	0.8583506	0.0000000	0.0000000	0.0000000	0.0000000	0.0000000	0.0000000	0.0000000	0.0000000	
319.693	0.0000000	0.0000000	0.0000000	0.0000000	0.1276038	0.8554387	0.0000000	0.0000000	0.0000000	0.0000000	0.0000000	0.0000000	0.0000000	0.0000000	
321.199	0.0000000	0.0000000	0.0000000	0.0000000	0.1756267	0.8546710	0.0000000	0.0000000	0.0000000	0.0000000	0.0000000	0.0000000	0.0000000	0.0000000	
322.719	0.0000000	0.0000000	0.0000000	0.0000000	0.2329516	0.8506088	0.0000000	0.0000000	0.0000000	0.0000000	0.0000000	0.0000000	0.0000000	0.0000000	
324.254	0.0000000	0.0000000	0.0000000	0.0000000	0.2957488	0.8475680	0.0000000	0.0000000	0.0000000	0.0000000	0.0000000	0.0000000	0.0000000	0.0000000	
325.804	0.0000000	0.0000000	0.0000000	0.0000000	0.3569404	0.8470111	0.0000000	0.0000000	0.0000000	0.0000000	0.0000000	0.0000000	0.0000000	0.0000000	
327.368	0.0000000	0.0000000	0.0000000	0.0000000	0.4173410	0.8460749	0.0000000	0.0000000	0.0000000	0.0000000	0.0000000	0.0000000	0.0000000	0.0000000	
328.947	0.0000000	0.0000000	0.0000000	0.0000000	0.4742316	0.8450480	0.0000000	0.0000000	0.0000000	0.0000000	0.0000000	0.0000000	0.0000000	0.0000000	
330.542	0.0000000	0.0000000	0.0000000	0.0000000	0.5226863	0.8422861	0.0000000	0.0000000	0.0000000	0.0000000	0.0000000	0.0000000	0.0000000	0.0000000	
332.152	0.0000000	0.0000000	0.0000000	0.0000000	0.5653410	0.8409457	0.0000000	0.0000000	0.0000000	0.0000000	0.0000000	0.0000000	0.0000000	0.0000000	
333.778	0.0000000	0.0000000	0.0000000	0.0000000	0.5998664	0.8372249	0.0000000	0.0000000	0.0000000	0.0000000	0.0000000	0.0000000	0.0000000	0.0000000	
335.42	0.0000000	0.0000000	0.0000000	0.0000000	0.6312556	0.8378811	0.0000000	0.0000000	0.0000000	0.0000000	0.0000000	0.0000000	0.0000000	0.0000000	
337.079	0.0000000	0.0000000	0.0000000	0.0000000	0.6570697	0.8372097	0.0000000	0.0000000	0.0000000	0.0000000	0.0000000	0.0000000	0.0000000	0.0000000	
338.753	0.0000000	0.0000000	0.0000000	0.0000000	0.6799388	0.8360697	0.0000000	0.0000000	0.0000000	0.0000000	0.0000000	0.0000000	0.0000000	0.0000000	
340.445	0.0000000	0.0000000	0.0000000	0.0000000	0.7000515	0.8354585	0.0000000	0.0000000	0.0000000	0.0000000	0.0000000	0.0000000	0.0000000	0.0000000	
342.153	0.0000000	0.0000000	0.0000000	0.0000000	0.7191195	0.8354637	0.0000000	0.0000000	0.0000000	0.0000000	0.0000000	0.0000000	0.0000000	0.0000000	
343.879	0.0000000	0.0000000	0.0000000	0.0000000	0.7366754	0.8355515	0.0000000	0.0000000	0.0000000	0.0000000	0.0000000	0.0000000	0.0000000	0.0000000	
345.622	0.0000000	0.0000000	0.0000000	0.0000000	0.7514758	0.8354092	0.0000000	0.0000000	0.0000000	0.0000000	0.0000000	0.0000000	0.0000000	0.0000000	
347.383	0.0000000	0.0000000	0.0000000	0.0000000	0.7650488	0.8351697	0.0000000	0.0000000	0.0000000	0.0000000	0.0000000	0.0000000	0.0000000	0.0000000	
349.162	0.0000000	0.0000000	0.0000000	0.0000000	0.7762204	0.8348949	0.0000000	0.0000000	0.0000000	0.0000000	0.0000000	0.0000000	0.0000000	0.0000000	
350.959	0.0000000	0.0000000	0.0000000	0.0000000	0.7868791	0.8353168	0.0000000	0.0000000	0.0000000	0.0000000	0.0000000	0.0000000	0.0000000	0.0000000	
352.775	0.0000000	0.0000000	0.0000000	0.0000000	0.7970367	0.8358706	0.0000000	0.0000000	0.0000000	0.0000000	0.0000000	0.0000000	0.0000000	0.0000000	
354.61	0.0000000	0.0000000	0.0000000	0.0000000	0.8062378	0.8366064	0.0000000	0.0000000	0.0000000	0.0000000	0.0000000	0.0000000	0.0000000	0.0000000	
356.464	0.0000000	0.0000000	0.0000000	0.0000000	0.8133444	0.8381325	0.0000000	0.0000000	0.0000000	0.0000000	0.0000000	0.0000000	0.0000000	0.0000000	
358.337	0.0000000	0.0000000	0.0000000	0.0000000	0.8215166	0.8410724	0.0000000	0.0000000	0.0000000	0.0000000	0.0000000	0.0000000	0.0000000	0.0000000	
360.231	0.0000000	0.0000000	0.0000000	0.0000000	0.8283541	0.8432506	0.0000000	0.0000000	0.0000000	0.0000000	0.0000000	0.0000000	0.0000000	0.0000000	
362.144	0.0000000	0.0000000	0.0000000	0.0000000	0.8328512	0.8435850	0.0000000	0.0000000	0.0000000	0.0000000	0.0000000	0.0000000	0.0000000	0.0000000	
364.078	0.0000000	0.0000000	0.0000000	0.0000000	0.8379082	0.8443551	0.0000000	0.0000000	0.0000000	0.0000000	0.0000000	0.0000000	0.0000000	0.0000000	
366.032	0.0000000	0.0000000	0.0000000	0.0000000	0.8441095	0.8477400	0.0000000	0.0000000	0.0000000	0.0000000	0.0000000	0.0000000	0.0000000	0.0000000	
368.008	0.0000000	0.0000000	0.0000000	0.0000000	0.8478611	0.8488919	0.0000000	0.0000000	0.0000000	0.0000000	0.0000000	0.0000000	0.0000000	0.0000000	
370.005	0.0000000	0.0000000	0.0000000	0.0000000	0.8517002	0.8509280	0.0000000	0.0000000	0.0000000	0.0000000	0.0000000	0.0000000	0.0000000	0.0000000	
372.024	0.0000000	0.0000000	0.0000000	0.0000000	0.8567667	0.8531031	0.0000000	0.0000000	0.0000000	0.0000000	0.0000000	0.0000000	0.0000000	0.0000000	
374.065	0.0000000	0.0000000	0.0000000	0.0000000	0.8606050	0.8554763	0.0000000	0.0000000	0.0000000	0.0000000	0.0000000	0.0000000	0.0000000	0.0000000	
376.128	0.0000000	0.0000000	0.0000000	0.0000000	0.8648125	0.8570558	0.0000000	0.0000000	0.0000000	0.0000000	0.0000000	0.0000000	0.0000000	0.0000000	
378.215	0.0000000	0.0000000	0.0000000	0.0000000	0.8678855	0.8590726	0.0000000	0.0000000	0.0000000	0.0000000	0.0000000	0.0000000	0.0000000	0.0000000	
380.325	0.0000000	0.0000000	0.0000000	0.0000000	0.8730635	0.8613963	0.0000000	0.0000000	0.0000000	0.0000000	0.0000000	0.0000000	0.0000000	0.0000000	
382.458	0.0000000	0.0000000	0.0000000	0.0000000	0.8777089	0.8637757	0.0000000	0.0000000	0.0000000	0.0000000	0.0000000	0.0000000	0.0000000	0.0000000	
384.615	0.0000000	0.0000000	0.0000000	0.0000000	0.8818385	0.8658449	0.0000000	0.0000000	0.0000000	0.0000000	0.0000000	0.0000000	0.0000000	0.0000000	
386.797	0.0000000	0.0000000	0.0000000	0.0000000	0.8863402	0.8686111	0.0000000	0.0000000	0.0000000	0.0000000	0.0000000	0.0000000	0.0000000	0.0000000	
389.004	0.0000000	0.0000000	0.0000000	0.0000000	0.8903830	0.8707533	0.0000000	0.0000000	0.0000000	0.0000000	0.0000000	0.0000000	0.0000000	0.0000000	
391.236	0.0000000	0.0000000	0.0000000	0.0000000	0.8943475	0.8732254	0.0000000	0.0000000	0.0000000	0.0000000	0.0000000	0.0000000	0.0000000	0.0000000	
393.494	0.0000000	0.0000000	0.0000000	0.0000000	0.8972492	0.8743938	0.0000000	0.0000000	0.0000000	0.0000000	0.0000000	0.0000000	0.0000000	0.0000000	
395.778	0.0000000	0.0000000	0.0000000	0.0000000	0.9003054	0.8767410	0.0000000	0.0000000	0.0000000	0.0000000	0.0000000	0.0000000	0.0000000	0.0000000	
398.089	0.0000000	0.0000000	0.0000000	0.0000000	0.9035960	0.8789078	0.0000000	0.0000000	0.0000000	0.0000000	0.0000000	0.0000000	0.0000000	0.0000000	
400.427	0.0000000	0.0000000	0.0000000	0.0000000	0.9059962	0.8804584	0.0000000	0.0000000	0.0000000	0.0000000	0.0000000	0.0000000	0.0000000	0.0000000	
402.793	0.0000000	0.0000000	0.0000000	0.0000000	0.9086371	0.8825537	0.0000000	0.0000000	0.0000000	0.0000000	0.0000000	0.0000000	0.0000000	0.0000000	
405.186	0.0000000	0.0000000	0.0000000	0.0000000	0.9111959	0.8843843	0.0000000	0.0000000	0.0000000	0.0000000	0.0000000	0.0000000	0.0000000	0.0000000	
407.609	0.0000000	0.0000000	0.0000000	0.0000000	0.9133876	0.8864887	0.0000000	0.0000000	0.0000000	0.0000000	0.0000000	0.0000000	0.0000000	0.0000000	
410.06	0.0000000	0.0000000	0.0000000	0.0000000	0.9154407	0.8881436	0.0000000	0.0000000	0.0000000	0.0000000	0.0000000	0.0000000	0.0000000	0.0000000	
412.541	0.0000000	0.0000000	0.0000000	0.0000000	0.9181787	0.8901706	0.0000000	0.0000000	0.0000000	0.0000000	0.0000000	0.0000000	0.0000000	0.0000000	
415.053	0.0000000	0.0000000	0.0000000	0.0000000	0.9194156	0.8916533	0.0000000	0.0000000	0.0000000	0.0000000	0.0000000	0.0000000	0.0000000	0.0000000	
417.595	0.0000000	0.0000000	0.0000000	0.0000000	0.9214874	0.8934751	0.0000000	0.0000000	0.0000000	0.0000000	0.0000000	0.0000000	0.0000000	0.0000000	
420.168	0.0000000	0.0000000	0.0000000	0.0000000	0.9227888	0.8951330	0.0000000	0.0000000	0.0000000	0.0000000	0.0000000	0.0000000	0.0000000	0.0000000	
422.773	0.0000000	0.0000000	0.0000000	0.0000000	0.9252208	0.8966667	0.0000000	0.0000000	0.0000000	0.0000000	0.0000000	0.0000000	0.0000000	0.0000000	
425.411	0.0000000	0.0000000	0.0000000	0.0000000	0.9266351	0.8980828	0.0000000	0.0000000	0.0000000	0.0000000	0.0000000	0.0000000	0.0000000	0.0000000	
428.082	0.0000000	0.0000000	0.0000000	0.0000000	0.9273641	0.8991561	0.0000000	0.0000000	0.0000000	0.0000000	0.0000000	0.0000000	0.0000000	0.0000000	
430.787	0.0000000	0.0000000	0.0000000	0.0000000	0.9292610	0.9005203	0.0000000	0.0000000	0.0000000	0.0000000	0.0000000	0.0000000	0.0000000	0.0000000	
433.526	0.0000000	0.0000000	0.0000000	0.0000000	0.9312224	0.9017728	0.0000000	0.0000000	0.0000000	0.0000000	0.0000000	0.0000000	0.0000000	0.0000000	
436.3	0.0000000	0.0000000	0.0000000	0.0000000	0.9321167	0.9032027	0.0000000	0.0000000	0.0000000	0.0000000	0.0000000	0.0000000	0.0000000	0.0000000	
439.11	0.0000000	0.0000000	0.0000000	0.0000000	0.9332895	0.9040615	0.0000000	0.0000000	0.0000000	0.0000000	0.0000000	0.0000000	0.0000000	0.0000000	
441.956	0.0000000	0.0000000	0.0000000	0.0000000	0.9352824	0.9054310	0.0000000	0.0000000	0.0000000	0.0000000	0.0000000	0.0000000	0.0000000	0.0000000	
444.84	0.0000000	0.0000000	0.0000000	0.0000000	0.9366002	0.9063862	0.0000000	0.0000000	0.0000000	0.0000000	0.0000000	0.0000000	0.0000000	0.0000000	
447.761	0.0000000	0.0000000	0.0000000	0.0000000	0.9373230	0.9070402	0.0000000	0.0000000	0.0000000	0.0000000	0.0000000	0.0000000	0.0000000	0.0000000	
450.721	0.0000000	0.0000000	0.0000000	0.0000000	0.9383590	0.9076992	0.0000000	0.0000000	0.0000000	0.0000000	0.0000000	0.0000000	0.0000000	0.0000000	
453.721	0.0000000	0.0000000	0.0000000	0.0000000	0.9396582	0.9087861	0.0000000	0.0000000	0.0000000	0.0000000	0.0000000	0.0000000	0.0000000	0.0000000	
456.76	0.0000000	0.0000000	0.0000000	0.0000000	0.9406050	0.9095818	0.0000000	0.0000000	0.0000000	0.0000000	0.0000000	0.0000000	0.0000000	0.0000000	
459.841	0.0000000	0.0000000	0.0000000	0.0000000	0.9416801	0.9103548	0.0000000	0.0000000	0.0000000	0.0000000	0.0000000	0.0000000	0.0000000	0.0000000	
462.963	0.0000000	0.0000000	0.0000000	0.0000000	0.9431500	0.9111709	0.0000000	0.0000000	0.0000000	0.0000000	0.0000000	0.0000000	0.0000000	0.0000000	
466.128	0.0000000	0.0000000	0.0000000	0.0000000	0.9443065	0.9120747	0.0000000	0.0000000	0.0000000	0.0000000	0.0000000	0.0000000	0.0000000	0.0000000	
469.337	0.0000000	0.0000000	0.0000000	0.0000000	0.9455693	0.9130732	0.0000000	0.0000000	0.0000000	0.0000000	0.0000000	0.0000000	0.0000000	0.0000000	
472.59	0.0000000	0.0000000	0.0000000	0.0000000	0.9464845	0.9136560	0.0000000	0.0000000	0.0000000	0.0000000	0.0000000	0.0000000	0.0000000	0.0000000	
475.888	0.0000000	0.0000000	0.0000000	0.0000000	0.9473403	0.9139015	0.0000000	0.0000000	0.0000000	0.0000000	0.0000000	0.0000000	0.0000000	0.0000000	
479.233	0.0000000	0.0000000	0.0000000	0.0000000	0.9484431	0.9144717	0.0000000	0.0000000	0.0000000	0.0000000	0.0000000	0.0000000	0.0000000	0.0000000	
482.625	0.0000000	0.0000000	0.0000000	0.0000000	0.9487936	0.9145230	0.0000000	0.0000000	0.0000000	0.0000000	0.0000000	0.0000000	0.0000000	0.0000000	
486.066	0.0000000	0.0000000	0.0000000	0.0000000	0.9492000	0.9145168	0.0000000	0.0000000	0.0000000	0.0000000	0.0000000	0.0000000	0.0000000	0.0000000	
489.556	0.0000000	0.0000000	0.0000000	0.0000000	0.9498682	0.9147471	0.0000000	0.0000000	0.0000000	0.0000000	0.0000000	0.0000000	0.0000000	0.0000000	
493.097	0.0000000	0.0000000	0.0000000	0.0000000	0.9500894	0.9144055	0.0000000	0.0000000	0.0000000	0.0000000	0.0000000	0.0000000	0.0000000	0.0000000	
496.689	0.0000000	0.0000000	0.0000000	0.0000000	0.9500940	0.9138236	0.0000000	0.0000000	0.0000000	0.0000000	0.0000000	0.0000000	0.0000000	0.0000000	
500.334	0.0000000	0.0000000	0.0000000	0.0000000	0.9502102	0.9134874	0.0000000	0.0000000	0.0000000	0.0000000	0.0000000	0.0000000	0.0000000	0.0000000	
504.032	0.0000000	0.0000000	0.0000000	0.0000000	0.9508537	0.9132404	0.0000000	0.0000000	0.0000000	0.0000000	0.0000000	0.0000000	0.0000000	0.0000000	
507.786	0.0000000	0.0000000	0.0000000	0.0000000	0.9510981	0.9129796	0.0000000	0.0000000	0.0000000	0.0000000	0.0000000	0.0000000	0.0000000	0.0000000	
511.596	0.0000000	0.0000000	0.0000000	0.0000000	0.9518983	0.9128051	0.0000000	0.0000000	0.0000000	0.0000000	0.0000000	0.0000000	0.0000000	0.0000000	
515.464	0.0000000	0.0000000	0.0000000	0.0000000	0.9527387	0.9129811	0.0000000	0.0000000	0.0000000	0.0000000	0.0000000	0.0000000	0.0000000	0.0000000	
519.391	0.0000000	0.0000000	0.0000000	0.0000000	0.9540386	0.9134396	0.0000000	0.0000000	0.0000000	0.0000000	0.0000000	0.0000000	0.0000000	0.0000000	
523.378	0.0000000	0.0000000	0.0000000	0.0000000	0.9545681	0.9129284	0.0000000	0.0000000	0.0000000	0.0000000	0.0000000	0.0000000	0.0000000	0.0000000	
527.426	0.0000000	0.0000000	0.0000000	0.0000000	0.9548767	0.9123494	0.0000000	0.0000000	0.0000000	0.0000000	0.0000000	0.0000000	0.0000000	0.0000000	
531.538	0.0000000	0.0000000	0.0000000	0.0000000	0.9550496	0.9117296	0.0000000	0.0000000	0.0000000	0.0000000	0.0000000	0.0000000	0.0000000	0.0000000	
535.714	0.0000000	0.0000000	0.0000000	0.0000000	0.9555455	0.9110758	0.0000000	0.0000000	0.0000000	0.0000000	0.0000000	0.0000000	0.0000000	0.0000000	
539.957	0.0000000	0.0000000	0.0000000	0.0000000	0.9556623	0.9100616	0.0000000	0.0000000	0.0000000	0.0000000	0.0000000	0.0000000	0.0000000	0.0000000	
544.267	0.0000000	0.0000000	0.0000000	0.0000000	0.9561407	0.9093718	0.0000000	0.0000000	0.0000000	0.0000000	0.0000000	0.0000000	0.0000000	0.0000000	
548.647	0.0000000	0.0000000	0.0000000	0.0000000	0.9563463	0.9085558	0.0000000	0.0000000	0.0000000	0.0000000	0.0000000	0.0000000	0.0000000	0.0000000	
553.097	0.0000000	0.0000000	0.0000000	0.0000000	0.9570749	0.9077807	0.0000000	0.0000000	0.0000000	0.0000000	0.0000000	0.0000000	0.0000000	0.0000000	
557.621	0.0000000	0.0000000	0.0000000	0.0000000	0.9574608	0.9069934	0.0000000	0.0000000	0.0000000	0.0000000	0.0000000	0.0000000	0.0000000	0.0000000	
562.219	0.0000000	0.0000000	0.0000000	0.0000000	0.9577649	0.9060569	0.0000000	0.0000000	0.0000000	0.0000000	0.0000000	0.0000000	0.0000000	0.0000000	
566.893	0.0000000	0.0000000	0.0000000	0.0000000	0.9581257	0.9049889	0.0000000	0.0000000	0.0000000	0.0000000	0.0000000	0.0000000	0.0000000	0.0000000	
571.646	0.0000000	0.0000000	0.0000000	0.0000000	0.9585492	0.9040758	0.0000000	0.0000000	0.0000000	0.0000000	0.0000000	0.0000000	0.0000000	0.0000000	
576.48	0.0000000	0.0000000	0.0000000	0.0000000	0.9591097	0.9032370	0.0000000	0.0000000	0.0000000	0.0000000	0.0000000	0.0000000	0.0000000	0.0000000	
581.395	0.0000000	0.0000000	0.0000000	0.0000000	0.9591720	0.9018985	0.0000000	0.0000000	0.0000000	0.0000000	0.0000000	0.0000000	0.0000000	0.0000000	
586.396	0.0000000	0.0000000	0.0000000	0.0000000	0.9592823	0.9005809	0.0000000	0.0000000	0.0000000	0.0000000	0.0000000	0.0000000	0.0000000	0.0000000	
591.483	0.0000000	0.0000000	0.0000000	0.0000000	0.9592814	0.8989330	0.0000000	0.0000000	0.0000000	0.0000000	0.0000000	0.0000000	0.0000000	0.0000000	
596.659	0.0000000	0.0000000	0.0000000	0.0000000	0.9590599	0.8970838	0.0000000	0.0000000	0.0000000	0.0000000	0.0000000	0.0000000	0.0000000	0.0000000	
601.926	0.0000000	0.0000000	0.0000000	0.0000000	0.9592068	0.8952170	0.0000000	0.0000000	0.0000000	0.0000000	0.0000000	0.0000000	0.0000000	0.0000000	
607.287	0.0000000	0.0000000	0.0000000	0.0000000	0.9596490	0.8938906	0.0000000	0.0000000	0.0000000	0.0000000	0.0000000	0.0000000	0.0000000	0.0000000	
612.745	0.0000000	0.0000000	0.0000000	0.0000000	0.9602988	0.8925315	0.0000000	0.0000000	0.0000000	0.0000000	0.0000000	0.0000000	0.0000000	0.0000000	
618.302	0.0000000	0.0000000	0.0000000	0.0000000	0.9606791	0.8907636	0.0000000	0.0000000	0.0000000	0.0000000	0.0000000	0.0000000	0.0000000	0.0000000	
623.96	0.0000000	0.0000000	0.0000000	0.0000000	0.9610151	0.8887336	0.0000000	0.0000000	0.0000000	0.0000000	0.0000000	0.0000000	0.0000000	0.0000000	
629.723	0.0000000	0.0000000	0.0000000	0.0000000	0.9609628	0.8863691	0.0000000	0.0000000	0.0000000	0.0000000	0.0000000	0.0000000	0.0000000	0.0000000	
635.593	0.0000000	0.0000000	0.0000000	0.0000000	0.9619252	0.8845094	0.0000000	0.0000000	0.0000000	0.0000000	0.0000000	0.0000000	0.0000000	0.0000000	
641.574	0.0000000	0.0000000	0.0000000	0.0000000	0.9622536	0.8821976	0.0000000	0.0000000	0.0000000	0.0000000	0.0000000	0.0000000	0.0000000	0.0000000	
647.668	0.0000000	0.0000000	0.0000000	0.0000000	0.9616583	0.8787884	0.0000000	0.0000000	0.0000000	0.0000000	0.0000000	0.0000000	0.0000000	0.0000000	
653.88	0.0000000	0.0000000	0.0000000	0.0000000	0.9617365	0.8759210	0.0000000	0.0000000	0.0000000	0.0000000	0.0000000	0.0000000	0.0000000	0.0000000	
660.211	0.0000000	0.0000000	0.0000000	0.0000000	0.9616779	0.8727232	0.0000000	0.0000000	0.0000000	0.0000000	0.0000000	0.0000000	0.0000000	0.0000000	
666.667	0.0000000	0.0000000	0.0000000	0.0000000	0.9619252	0.8695141	0.0000000	0.0000000	0.0000000	0.0000000	0.0000000	0.0000000	0.0000000	0.0000000	
673.25	0.0000000	0.0000000	0.0000000	0.0000000	0.9623999	0.8661893	0.0000000	0.0000000	0.0000000	0.0000000	0.0000000	0.0000000	0.0000000	0.0000000	
679.964	0.0000000	0.0000000	0.0000000	0.0000000	0.9630723	0.8629319	0.0000000	0.0000000	0.0000000	0.0000000	0.0000000	0.0000000	0.0000000	0.0000000	
686.813	0.0000000	0.0000000	0.0000000	0.0000000	0.9630716	0.8587115	0.0000000	0.0000000	0.0000000	0.0000000	0.0000000	0.0000000	0.0000000	0.0000000	
693.802	0.0000000	0.0000000	0.0000000	0.0000000	0.9631760	0.8546209	0.0000000	0.0000000	0.0000000	0.0000000	0.0000000	0.0000000	0.0000000	0.0000000	
700.935	0.0000000	0.0000000	0.0000000	0.0000000	0.9632261	0.8504190	0.0000000	0.0000000	0.0000000	0.0000000	0.0000000	0.0000000	0.0000000	0.0000000	
708.215	0.0000000	0.0000000	0.0000000	0.0000000	0.9634781	0.8461214	0.0000000	0.0000000	0.0000000	0.0000000	0.0000000	0.0000000	0.0000000	0.0000000	
715.649	0.0000000	0.0000000	0.0000000	0.0000000	0.9642650	0.8418991	0.0000000	0.0000000	0.0000000	0.0000000	0.0000000	0.0000000	0.0000000	0.0000000	
723.24	0.0000000	0.0000000	0.0000000	0.0000000	0.9652751	0.8373224	0.0000000	0.0000000	0.0000000	0.0000000	0.0000000	0.0000000	0.0000000	0.0000000	
730.994	0.0000000	0.0000000	0.0000000	0.0000000	0.9653232	0.8318563	0.0000000	0.0000000	0.0000000	0.0000000	0.0000000	0.0000000	0.0000000	0.0000000	
738.916	0.0000000	0.0000000	0.0000000	0.0000000	0.9654866	0.8259475	0.0000000	0.0000000	0.0000000	0.0000000	0.0000000	0.0000000	0.0000000	0.0000000	
747.012	0.0000000	0.0000000	0.0000000	0.0000000	0.9651752	0.8194798	0.0000000	0.0000000	0.0000000	0.0000000	0.0000000	0.0000000	0.0000000	0.0000000	
755.287	0.0000000	0.0000000	0.0000000	0.0000000	0.9653255	0.8127384	0.0000000	0.0000000	0.0000000	0.0000000	0.0000000	0.0000000	0.0000000	0.0000000	
763.747	0.0000000	0.0000000	0.0000000	0.0000000	0.9652055	0.8055580	0.0000000	0.0000000	0.0000000	0.0000000	0.0000000	0.0000000	0.0000000	0.0000000	
772.4	0.0000000	0.0000000	0.0000000	0.0000000	0.9653406	0.7978956	0.0000000	0.0000000	0.0000000	0.0000000	0.0000000	0.0000000	0.0000000	0.0000000	
781.25	0.0000000	0.0000000	0.0000000	0.0000000	0.9660391	0.7905061	0.0000000	0.0000000	0.0000000	0.0000000	0.0000000	0.0000000	0.0000000	0.0000000	
790.306	0.0000000	0.0000000	0.0000000	0.0000000	0.9645705	0.7813139	0.0000000	0.0000000	0.0000000	0.0000000	0.0000000	0.0000000	0.0000000	0.0000000	
799.574	0.0000000	0.0000000	0.0000000	0.0000000	0.9654707	0.7748782	0.0000000	0.0000000	0.0000000	0.0000000	0.0000000	0.0000000	0.0000000	0.0000000	
809.061	0.0000000	0.0000000	0.0000000	0.0000000	0.9645611	0.7669731	0.0000000	0.0000000	0.0000000	0.0000000	0.0000000	0.0000000	0.0000000	0.0000000	
818.777	0.0000000	0.0000000	0.0000000	0.0000000	0.9619223	0.7595336	0.0000000	0.0000000	0.0000000	0.0000000	0.0000000	0.0000000	0.0000000	0.0000000	
828.729	0.0000000	0.0000000	0.0000000	0.0000000	0.9626149	0.7573954	0.0000000	0.0000000	0.0000000	0.0000000	0.0000000	0.0000000	0.0000000	0.0000000	
838.926	0.0000000	0.0000000	0.0000000	0.0000000	0.9622208	0.7571458	0.0000000	0.0000000	0.0000000	0.0000000	0.0000000	0.0000000	0.0000000	0.0000000	
849.377	0.0000000	0.0000000	0.0000000	0.0000000	0.9614163	0.7591320	0.0000000	0.0000000	0.0000000	0.0000000	0.0000000	0.0000000	0.0000000	0.0000000	
860.092	0.0000000	0.0000000	0.0000000	0.0000000	0.9597535	0.7647824	0.0000000	0.0000000	0.0000000	0.0000000	0.0000000	0.0000000	0.0000000	0.0000000	
871.08	0.0000000	0.0000000	0.0000000	0.0000000	0.9584172	0.7731386	0.0000000	0.0000000	0.0000000	0.0000000	0.0000000	0.0000000	0.0000000	0.0000000	
882.353	0.0000000	0.0000000	0.0000000	0.0000000	0.9577368	0.7840802	0.0000000	0.0000000	0.0000000	0.0000000	0.0000000	0.0000000	0.0000000	0.0000000	
893.921	0.0000000	0.0000000	0.0000000	0.0000000	0.9587265	0.7950449	0.0000000	0.0000000	0.0000000	0.0000000	0.0000000	0.0000000	0.0000000	0.0000000	
905.797	0.0000000	0.0000000	0.0000000	0.0000000	0.9586108	0.8064790	0.0000000	0.0000000	0.0000000	0.0000000	0.0000000	0.0000000	0.0000000	0.0000000	
917.993	0.0000000	0.0000000	0.0000000	0.0000000	0.9581267	0.8181779	0.0000000	0.0000000	0.0000000	0.0000000	0.0000000	0.0000000	0.0000000	0.0000000	
930.521	0.0000000	0.0000000	0.0000000	0.0000000	0.9601605	0.8295237	0.0000000	0.0000000	0.0000000	0.0000000	0.0000000	0.0000000	0.0000000	0.0000000	
943.396	0.0000000	0.0000000	0.0000000	0.0000000	0.9596380	0.8390056	0.0000000	0.0000000	0.0000000	0.0000000	0.0000000	0.0000000	0.0000000	0.0000000	
956.633	0.0000000	0.0000000	0.0000000	0.0000000	0.9598420	0.8485598	0.0000000	0.0000000	0.0000000	0.0000000	0.0000000	0.0000000	0.0000000	0.0000000	
970.246	0.0000000	0.0000000	0.0000000	0.0000000	0.9591191	0.8579572	0.0000000	0.0000000	0.0000000	0.0000000	0.0000000	0.0000000	0.0000000	0.0000000	
984.252	0.0000000	0.0000000	0.0000000	0.0000000	0.9603438	0.8648155	0.0000000	0.0000000	0.0000000	0.0000000	0.0000000	0.0000000	0.0000000	0.0000000	
998.668	0.0000000	0.0000000	0.0000000	0.0000000	0.9611068	0.8727016	0.0000000	0.0000000	0.0000000	0.0000000	0.0000000	0.0000000	0.0000000	0.0000000	
1013.51	0.0000000	0.0000000	0.0000000	0.0000000	0.9615751	0.8796588	0.0000000	0.0000000	0.0000000	0.0000000	0.0000000	0.0000000	0.0000000	0.0000000	
1028.81	0.0000000	0.0000000	0.0000000	0.0000000	0.9612408	0.8850759	0.0000000	0.0000000	0.0000000	0.0000000	0.0000000	0.0000000	0.0000000	0.0000000	
1044.57	0.0000000	0.0000000	0.0000000	0.0000000	0.9612667	0.8903179	0.0000000	0.0000000	0.0000000	0.0000000	0.0000000	0.0000000	0.0000000	0.0000000	
1060.82	0.0000000	0.0000000	0.0000000	0.0000000	0.9611445	0.8956339	0.0000000	0.0000000	0.0000000	0.0000000	0.0000000	0.0000000	0.0000000	0.0000000	
1077.59	0.0000000	0.0000000	0.0000000	0.0000000	0.9609786	0.8987968	0.0000000	0.0000000	0.0000000	0.0000000	0.0000000	0.0000000	0.0000000	0.0000000	
1094.89	0.0000000	0.0000000	0.0000000	0.0000000	0.9625439	0.9055534	0.0000000	0.0000000	0.0000000	0.0000000	0.0000000	0.0000000	0.0000000	0.0000000	
1112.76	0.0000000	0.0000000	0.0000000	0.0000000	0.9625542	0.9093466	0.0000000	0.0000000	0.0000000	0.0000000	0.0000000	0.0000000	0.0000000	0.0000000	
1131.22	0.0000000	0.0000000	0.0000000	0.0000000	0.9613391	0.9108393	0.0000000	0.0000000	0.0000000	0.0000000	0.0000000	0.0000000	0.0000000	0.0000000	
1150.31	0.0000000	0.0000000	0.0000000	0.0000000	0.9633701	0.9159083	0.0000000	0.0000000	0.0000000	0.0000000	0.0000000	0.0000000	0.0000000	0.0000000	
1170.05	0.0000000	0.0000000	0.0000000	0.0000000	0.9639400	0.9193915	0.0000000	0.0000000	0.0000000	0.0000000	0.0000000	0.0000000	0.0000000	0.0000000	
1190.48	0.0000000	0.0000000	0.0000000	0.0000000	0.9628553	0.9210635	0.0000000	0.0000000	0.0000000	0.0000000	0.0000000	0.0000000	0.0000000	0.0000000	
1211.63	0.0000000	0.0000000	0.0000000	0.0000000	0.9638014	0.9245684	0.0000000	0.0000000	0.0000000	0.0000000	0.0000000	0.0000000	0.0000000	0.0000000	
1233.55	0.0000000	0.0000000	0.0000000	0.0000000	0.9643857	0.9274191	0.0000000	0.0000000	0.0000000	0.0000000	0.0000000	0.0000000	0.0000000	0.0000000	
1256.28	0.0000000	0.0000000	0.0000000	0.0000000	0.9639981	0.9292540	0.0000000	0.0000000	0.0000000	0.0000000	0.0000000	0.0000000	0.0000000	0.0000000	
1279.86	0.0000000	0.0000000	0.0000000	0.0000000	0.9641781	0.9313621	0.0000000	0.0000000	0.0000000	0.0000000	0.0000000	0.0000000	0.0000000	0.0000000	
1304.35	0.0000000	0.0000000	0.0000000	0.0000000	0.9653630	0.9342548	0.0000000	0.0000000	0.0000000	0.0000000	0.0000000	0.0000000	0.0000000	0.0000000	
1329.79	0.0000000	0.0000000	0.0000000	0.0000000	0.9656548	0.9361981	0.0000000	0.0000000	0.0000000	0.0000000	0.0000000	0.0000000	0.0000000	0.0000000	
1356.24	0.0000000	0.0000000	0.0000000	0.0000000	0.9676060	0.9397212	0.0000000	0.0000000	0.0000000	0.0000000	0.0000000	0.0000000	0.0000000	0.0000000	
1383.76	0.0000000	0.0000000	0.0000000	0.0000000	0.9678293	0.9414595	0.0000000	0.0000000	0.0000000	0.0000000	0.0000000	0.0000000	0.0000000	0.0000000	
1412.43	0.0000000	0.0000000	0.0000000	0.0000000	0.9659302	0.9420670	0.0000000	0.0000000	0.0000000	0.0000000	0.0000000	0.0000000	0.0000000	0.0000000	
1442.31	0.0000000	0.0000000	0.0000000	0.0000000	0.9665454	0.9433822	0.0000000	0.0000000	0.0000000	0.0000000	0.0000000	0.0000000	0.0000000	0.0000000	
1473.48	0.0000000	0.0000000	0.0000000	0.0000000	0.9681763	0.9455200	0.0000000	0.0000000	0.0000000	0.0000000	0.0000000	0.0000000	0.0000000	0.0000000	
1506.02	0.0000000	0.0000000	0.0000000	0.0000000	0.9697344	0.9478965	0.0000000	0.0000000	0.0000000	0.0000000	0.0000000	0.0000000	0.0000000	0.0000000	
1540.04	0.0000000	0.0000000	0.0000000	0.0000000	0.9697077	0.9488557	0.0000000	0.0000000	0.0000000	0.0000000	0.0000000	0.0000000	0.0000000	0.0000000	
1575.63	0.0000000	0.0000000	0.0000000	0.0000000	0.9715495	0.9517718	0.0000000	0.0000000	0.0000000	0.0000000	0.0000000	0.0000000	0.0000000	0.0000000	
1612.9	0.0000000	0.0000000	0.0000000	0.0000000	0.9714303	0.9527682	0.0000000	0.0000000	0.0000000	0.0000000	0.0000000	0.0000000	0.0000000	0.0000000	
1651.98	0.0000000	0.0000000	0.0000000	0.0000000	0.9719979	0.9547274	0.0000000	0.0000000	0.0000000	0.0000000	0.0000000	0.0000000	0.0000000	0.0000000	
1693	0.0000000	0.0000000	0.0000000	0.0000000	0.9715397	0.9559639	0.0000000	0.0000000	0.0000000	0.0000000	0.0000000	0.0000000	0.0000000	0.0000000	
1736.11	0.0000000	0.0000000	0.0000000	0.0000000	0.9702599	0.9565004	0.0000000	0.0000000	0.0000000	0.0000000	0.0000000	0.0000000	0.0000000	0.0000000	
1781.47	0.0000000	0.0000000	0.0000000	0.0000000	0.9689349	0.9571217	0.0000000	0.0000000	0.0000000	0.0000000	0.0000000	0.0000000	0.0000000	0.0000000	
1829.27	0.0000000	0.0000000	0.0000000	0.0000000	0.9686035	0.9588531	0.0000000	0.0000000	0.0000000	0.0000000	0.0000000	0.0000000	0.0000000	0.0000000	
1879.7	0.0000000	0.0000000	0.0000000	0.0000000	0.9674949	0.9596687	0.0000000	0.0000000	0.0000000	0.0000000	0.0000000	0.0000000	0.0000000	0.0000000	
1932.99	0.0000000	0.0000000	0.0000000	0.0000000	0.9669722	0.9607743	0.0000000	0.0000000	0.0000000	0.0000000	0.0000000	0.0000000	0.0000000	0.0000000	
1989.39	0.0000000	0.0000000	0.0000000	0.0000000	0.9660996	0.9624211	0.0000000	0.0000000	0.0000000	0.0000000	0.0000000	0.0000000	0.0000000	0.0000000	
2049.18	0.0000000	0.0000000	0.0000000	0.0000000	0.9648892	0.9629706	0.0000000	0.0000000	0.0000000	0.0000000	0.0000000	0.0000000	0.0000000	0.0000000	
2112.68	0.0000000	0.0000000	0.0000000	0.0000000	0.9634486	0.9639184	0.0000000	0.0000000	0.0000000	0.0000000	0.0000000	0.0000000	0.0000000	0.0000000	
2180.23	0.0000000	0.0000000	0.0000000	0.0000000	0.9570642	0.9650822	0.0000000	0.0000000	0.0000000	0.0000000	0.0000000	0.0000000	0.0000000	0.0000000	
2252.25	0.0000000	0.0000000	0.0000000	0.0000000	0.9502504	0.9652164	0.0000000	0.0000000	0.0000000	0.0000000	0.0000000	0.0000000	0.0000000	0.0000000	
2329.19	0.0000000	0.0000000	0.0000000	0.0000000	0.9512227	0.9652574	0.0000000	0.0000000	0.0000000	0.0000000	0.0000000	0.0000000	0.0000000	0.0000000	
2411.58	0.0000000	0.0000000	0.0000000	0.0000000	0.9499990	0.9661014	0.0000000	0.0000000	0.0000000	0.0000000	0.0000000	0.0000000	0.0000000	0.0000000	
2500	0.0000000	0.0000000	0.0000000	0.0000000	0.9356899	0.9647954	0.0000000	0.0000000	0.0000000	0.0000000	0.0000000	0.0000000	0.0000000	0.0000000	
