Tn	Tp	Rn	Rp	R1	APDS	wl(A)	n1	n2	n3	n4	n5	n6	n7	n8	n_ibri
0.0011095	0.0000000	0.2114917	0.0000000	0.0000000	0.8814053	3000.0000000	1.5588579	0.0000000	0.0000000	0.0000000	0.0000000	0.0000000	0.0000000	0.0000000	0.0000000	
0.0019145	0.0000000	0.2053754	0.0000000	0.0000000	0.8798996	3013.2583367	1.5582125	0.0000000	0.0000000	0.0000000	0.0000000	0.0000000	0.0000000	0.0000000	0.0000000	
0.0031449	0.0000000	0.1985246	0.0000000	0.0000000	0.8779480	3026.6343826	1.5575763	0.0000000	0.0000000	0.0000000	0.0000000	0.0000000	0.0000000	0.0000000	0.0000000	
0.0050500	0.0000000	0.1915764	0.0000000	0.0000000	0.8757385	3040.1297122	1.5569493	0.0000000	0.0000000	0.0000000	0.0000000	0.0000000	0.0000000	0.0000000	0.0000000	
0.0078189	0.0000000	0.1842927	0.0000000	0.0000000	0.8740533	3053.7459283	1.5563313	0.0000000	0.0000000	0.0000000	0.0000000	0.0000000	0.0000000	0.0000000	0.0000000	
0.0117232	0.0000000	0.1769109	0.0000000	0.0000000	0.8723000	3067.4846626	1.5557216	0.0000000	0.0000000	0.0000000	0.0000000	0.0000000	0.0000000	0.0000000	0.0000000	
0.0172420	0.0000000	0.1688136	0.0000000	0.0000000	0.8709557	3081.3475760	1.5551208	0.0000000	0.0000000	0.0000000	0.0000000	0.0000000	0.0000000	0.0000000	0.0000000	
0.0247378	0.0000000	0.1607377	0.0000000	0.0000000	0.8697705	3095.3363599	1.5545282	0.0000000	0.0000000	0.0000000	0.0000000	0.0000000	0.0000000	0.0000000	0.0000000	
0.0345962	0.0000000	0.1521652	0.0000000	0.0000000	0.8674049	3109.4527363	1.5539439	0.0000000	0.0000000	0.0000000	0.0000000	0.0000000	0.0000000	0.0000000	0.0000000	
0.0474804	0.0000000	0.1436308	0.0000000	0.0000000	0.8647208	3123.6984590	1.5533675	0.0000000	0.0000000	0.0000000	0.0000000	0.0000000	0.0000000	0.0000000	0.0000000	
0.0632324	0.0000000	0.1357186	0.0000000	0.0000000	0.8639001	3138.0753138	1.5527989	0.0000000	0.0000000	0.0000000	0.0000000	0.0000000	0.0000000	0.0000000	0.0000000	
0.0826180	0.0000000	0.1277611	0.0000000	0.0000000	0.8616263	3152.5851198	1.5522381	0.0000000	0.0000000	0.0000000	0.0000000	0.0000000	0.0000000	0.0000000	0.0000000	
0.1052276	0.0000000	0.1203691	0.0000000	0.0000000	0.8600010	3167.2297297	1.5516846	0.0000000	0.0000000	0.0000000	0.0000000	0.0000000	0.0000000	0.0000000	0.0000000	
0.1325819	0.0000000	0.1154546	0.0000000	0.0000000	0.8584021	3182.0110310	1.5511388	0.0000000	0.0000000	0.0000000	0.0000000	0.0000000	0.0000000	0.0000000	0.0000000	
0.1638480	0.0000000	0.1091309	0.0000000	0.0000000	0.8551737	3196.9309463	1.5505999	0.0000000	0.0000000	0.0000000	0.0000000	0.0000000	0.0000000	0.0000000	0.0000000	
0.1978045	0.0000000	0.1040537	0.0000000	0.0000000	0.8548322	3211.9914347	1.5500684	0.0000000	0.0000000	0.0000000	0.0000000	0.0000000	0.0000000	0.0000000	0.0000000	
0.2356580	0.0000000	0.1001415	0.0000000	0.0000000	0.8503960	3227.1944923	1.5495436	0.0000000	0.0000000	0.0000000	0.0000000	0.0000000	0.0000000	0.0000000	0.0000000	
0.2761047	0.0000000	0.0977255	0.0000000	0.0000000	0.8473298	3242.5421530	1.5490257	0.0000000	0.0000000	0.0000000	0.0000000	0.0000000	0.0000000	0.0000000	0.0000000	
0.3178702	0.0000000	0.0975734	0.0000000	0.0000000	0.8471486	3258.0364900	1.5485145	0.0000000	0.0000000	0.0000000	0.0000000	0.0000000	0.0000000	0.0000000	0.0000000	
0.3600219	0.0000000	0.0992915	0.0000000	0.0000000	0.8460904	3273.6796159	1.5480098	0.0000000	0.0000000	0.0000000	0.0000000	0.0000000	0.0000000	0.0000000	0.0000000	
0.4030870	0.0000000	0.1024070	0.0000000	0.0000000	0.8450761	3289.4736842	1.5475116	0.0000000	0.0000000	0.0000000	0.0000000	0.0000000	0.0000000	0.0000000	0.0000000	
0.4464159	0.0000000	0.1067157	0.0000000	0.0000000	0.8420970	3305.4208903	1.5470196	0.0000000	0.0000000	0.0000000	0.0000000	0.0000000	0.0000000	0.0000000	0.0000000	
0.4869184	0.0000000	0.1129305	0.0000000	0.0000000	0.8411327	3321.5234721	1.5465338	0.0000000	0.0000000	0.0000000	0.0000000	0.0000000	0.0000000	0.0000000	0.0000000	
0.5250342	0.0000000	0.1199125	0.0000000	0.0000000	0.8370176	3337.7837116	1.5460540	0.0000000	0.0000000	0.0000000	0.0000000	0.0000000	0.0000000	0.0000000	0.0000000	
0.5596281	0.0000000	0.1284559	0.0000000	0.0000000	0.8379896	3354.2039356	1.5455804	0.0000000	0.0000000	0.0000000	0.0000000	0.0000000	0.0000000	0.0000000	0.0000000	
0.5920121	0.0000000	0.1374848	0.0000000	0.0000000	0.8372087	3370.7865169	1.5451124	0.0000000	0.0000000	0.0000000	0.0000000	0.0000000	0.0000000	0.0000000	0.0000000	
0.6189331	0.0000000	0.1467187	0.0000000	0.0000000	0.8360370	3387.5338753	1.5446503	0.0000000	0.0000000	0.0000000	0.0000000	0.0000000	0.0000000	0.0000000	0.0000000	
0.6439172	0.0000000	0.1565720	0.0000000	0.0000000	0.8354085	3404.4484793	1.5441937	0.0000000	0.0000000	0.0000000	0.0000000	0.0000000	0.0000000	0.0000000	0.0000000	
0.6645604	0.0000000	0.1662515	0.0000000	0.0000000	0.8354986	3421.5328467	1.5437428	0.0000000	0.0000000	0.0000000	0.0000000	0.0000000	0.0000000	0.0000000	0.0000000	
0.6819310	0.0000000	0.1765001	0.0000000	0.0000000	0.8355483	3438.7895461	1.5432973	0.0000000	0.0000000	0.0000000	0.0000000	0.0000000	0.0000000	0.0000000	0.0000000	
0.6965588	0.0000000	0.1855037	0.0000000	0.0000000	0.8354706	3456.2211982	1.5428571	0.0000000	0.0000000	0.0000000	0.0000000	0.0000000	0.0000000	0.0000000	0.0000000	
0.7074790	0.0000000	0.1947426	0.0000000	0.0000000	0.8353013	3473.8304771	1.5424221	0.0000000	0.0000000	0.0000000	0.0000000	0.0000000	0.0000000	0.0000000	0.0000000	
0.7156020	0.0000000	0.2034499	0.0000000	0.0000000	0.8348572	3491.6201117	1.5419922	0.0000000	0.0000000	0.0000000	0.0000000	0.0000000	0.0000000	0.0000000	0.0000000	
0.7222157	0.0000000	0.2112988	0.0000000	0.0000000	0.8353228	3509.5928872	1.5415673	0.0000000	0.0000000	0.0000000	0.0000000	0.0000000	0.0000000	0.0000000	0.0000000	
0.7271875	0.0000000	0.2199000	0.0000000	0.0000000	0.8358413	3527.7516463	1.5411476	0.0000000	0.0000000	0.0000000	0.0000000	0.0000000	0.0000000	0.0000000	0.0000000	
0.7297511	0.0000000	0.2273203	0.0000000	0.0000000	0.8364138	3546.0992908	1.5407327	0.0000000	0.0000000	0.0000000	0.0000000	0.0000000	0.0000000	0.0000000	0.0000000	
0.7313816	0.0000000	0.2342980	0.0000000	0.0000000	0.8379424	3564.6387833	1.5403225	0.0000000	0.0000000	0.0000000	0.0000000	0.0000000	0.0000000	0.0000000	0.0000000	
0.7314639	0.0000000	0.2413843	0.0000000	0.0000000	0.8411690	3583.3731486	1.5399171	0.0000000	0.0000000	0.0000000	0.0000000	0.0000000	0.0000000	0.0000000	0.0000000	
0.7309366	0.0000000	0.2482151	0.0000000	0.0000000	0.8433064	3602.3054755	1.5395162	0.0000000	0.0000000	0.0000000	0.0000000	0.0000000	0.0000000	0.0000000	0.0000000	
0.7292249	0.0000000	0.2537484	0.0000000	0.0000000	0.8435358	3621.4389184	1.5391200	0.0000000	0.0000000	0.0000000	0.0000000	0.0000000	0.0000000	0.0000000	0.0000000	
0.7259740	0.0000000	0.2589363	0.0000000	0.0000000	0.8444701	3640.7766990	1.5387282	0.0000000	0.0000000	0.0000000	0.0000000	0.0000000	0.0000000	0.0000000	0.0000000	
0.7252980	0.0000000	0.2647356	0.0000000	0.0000000	0.8477215	3660.3221083	1.5383408	0.0000000	0.0000000	0.0000000	0.0000000	0.0000000	0.0000000	0.0000000	0.0000000	
0.7214113	0.0000000	0.2689103	0.0000000	0.0000000	0.8488920	3680.0785083	1.5379578	0.0000000	0.0000000	0.0000000	0.0000000	0.0000000	0.0000000	0.0000000	0.0000000	
0.7176887	0.0000000	0.2734490	0.0000000	0.0000000	0.8509298	3700.0493340	1.5375789	0.0000000	0.0000000	0.0000000	0.0000000	0.0000000	0.0000000	0.0000000	0.0000000	
0.7127503	0.0000000	0.2780229	0.0000000	0.0000000	0.8531216	3720.2380952	1.5372044	0.0000000	0.0000000	0.0000000	0.0000000	0.0000000	0.0000000	0.0000000	0.0000000	
0.7075063	0.0000000	0.2817158	0.0000000	0.0000000	0.8554867	3740.6483791	1.5368338	0.0000000	0.0000000	0.0000000	0.0000000	0.0000000	0.0000000	0.0000000	0.0000000	
0.7022857	0.0000000	0.2849003	0.0000000	0.0000000	0.8571192	3761.2838516	1.5364674	0.0000000	0.0000000	0.0000000	0.0000000	0.0000000	0.0000000	0.0000000	0.0000000	
0.6973786	0.0000000	0.2879557	0.0000000	0.0000000	0.8590855	3782.1482602	1.5361049	0.0000000	0.0000000	0.0000000	0.0000000	0.0000000	0.0000000	0.0000000	0.0000000	
0.6922509	0.0000000	0.2915595	0.0000000	0.0000000	0.8613673	3803.2454361	1.5357463	0.0000000	0.0000000	0.0000000	0.0000000	0.0000000	0.0000000	0.0000000	0.0000000	
0.6900003	0.0000000	0.2948789	0.0000000	0.0000000	0.8637748	3824.5792963	1.5353916	0.0000000	0.0000000	0.0000000	0.0000000	0.0000000	0.0000000	0.0000000	0.0000000	
0.6892906	0.0000000	0.2983176	0.0000000	0.0000000	0.8657950	3846.1538462	1.5350407	0.0000000	0.0000000	0.0000000	0.0000000	0.0000000	0.0000000	0.0000000	0.0000000	
0.6888703	0.0000000	0.3013295	0.0000000	0.0000000	0.8686901	3867.9731821	1.5346934	0.0000000	0.0000000	0.0000000	0.0000000	0.0000000	0.0000000	0.0000000	0.0000000	
0.6879306	0.0000000	0.3040221	0.0000000	0.0000000	0.8707533	3890.0414938	1.5343499	0.0000000	0.0000000	0.0000000	0.0000000	0.0000000	0.0000000	0.0000000	0.0000000	
0.6870273	0.0000000	0.3066640	0.0000000	0.0000000	0.8731778	3912.3630673	1.5340099	0.0000000	0.0000000	0.0000000	0.0000000	0.0000000	0.0000000	0.0000000	0.0000000	
0.6860847	0.0000000	0.3090087	0.0000000	0.0000000	0.8743598	3934.9422875	1.5336738	0.0000000	0.0000000	0.0000000	0.0000000	0.0000000	0.0000000	0.0000000	0.0000000	
0.6839585	0.0000000	0.3113302	0.0000000	0.0000000	0.8767440	3957.7836412	1.5333408	0.0000000	0.0000000	0.0000000	0.0000000	0.0000000	0.0000000	0.0000000	0.0000000	
0.6823702	0.0000000	0.3132591	0.0000000	0.0000000	0.8789078	3980.8917197	1.5330114	0.0000000	0.0000000	0.0000000	0.0000000	0.0000000	0.0000000	0.0000000	0.0000000	
0.6800993	0.0000000	0.3151680	0.0000000	0.0000000	0.8806145	4004.2712226	1.5326855	0.0000000	0.0000000	0.0000000	0.0000000	0.0000000	0.0000000	0.0000000	0.0000000	
0.6782166	0.0000000	0.3168325	0.0000000	0.0000000	0.8825976	4027.9269603	1.5323627	0.0000000	0.0000000	0.0000000	0.0000000	0.0000000	0.0000000	0.0000000	0.0000000	
0.6763604	0.0000000	0.3187635	0.0000000	0.0000000	0.8843843	4051.8638574	1.5320433	0.0000000	0.0000000	0.0000000	0.0000000	0.0000000	0.0000000	0.0000000	0.0000000	
0.6744054	0.0000000	0.3203669	0.0000000	0.0000000	0.8865633	4076.0869565	1.5317273	0.0000000	0.0000000	0.0000000	0.0000000	0.0000000	0.0000000	0.0000000	0.0000000	
0.6722817	0.0000000	0.3216061	0.0000000	0.0000000	0.8881436	4100.6014215	1.5314144	0.0000000	0.0000000	0.0000000	0.0000000	0.0000000	0.0000000	0.0000000	0.0000000	
0.6700118	0.0000000	0.3228060	0.0000000	0.0000000	0.8902384	4125.4125413	1.5311044	0.0000000	0.0000000	0.0000000	0.0000000	0.0000000	0.0000000	0.0000000	0.0000000	
0.6682065	0.0000000	0.3241496	0.0000000	0.0000000	0.8916532	4150.5257333	1.5307978	0.0000000	0.0000000	0.0000000	0.0000000	0.0000000	0.0000000	0.0000000	0.0000000	
0.6666940	0.0000000	0.3252393	0.0000000	0.0000000	0.8935280	4175.9465479	1.5304942	0.0000000	0.0000000	0.0000000	0.0000000	0.0000000	0.0000000	0.0000000	0.0000000	
0.6653897	0.0000000	0.3262203	0.0000000	0.0000000	0.8951330	4201.6806723	1.5301934	0.0000000	0.0000000	0.0000000	0.0000000	0.0000000	0.0000000	0.0000000	0.0000000	
0.6637547	0.0000000	0.3270059	0.0000000	0.0000000	0.8966667	4227.7339346	1.5298959	0.0000000	0.0000000	0.0000000	0.0000000	0.0000000	0.0000000	0.0000000	0.0000000	
0.6627170	0.0000000	0.3276193	0.0000000	0.0000000	0.8980792	4254.1123086	1.5296011	0.0000000	0.0000000	0.0000000	0.0000000	0.0000000	0.0000000	0.0000000	0.0000000	
0.6619160	0.0000000	0.3281474	0.0000000	0.0000000	0.8991561	4280.8219178	1.5293093	0.0000000	0.0000000	0.0000000	0.0000000	0.0000000	0.0000000	0.0000000	0.0000000	
0.6606505	0.0000000	0.3286215	0.0000000	0.0000000	0.9005203	4307.8690408	1.5290201	0.0000000	0.0000000	0.0000000	0.0000000	0.0000000	0.0000000	0.0000000	0.0000000	
0.6597594	0.0000000	0.3293722	0.0000000	0.0000000	0.9018420	4335.2601156	1.5287338	0.0000000	0.0000000	0.0000000	0.0000000	0.0000000	0.0000000	0.0000000	0.0000000	
0.6587163	0.0000000	0.3298346	0.0000000	0.0000000	0.9032027	4363.0017452	1.5284505	0.0000000	0.0000000	0.0000000	0.0000000	0.0000000	0.0000000	0.0000000	0.0000000	
0.6582564	0.0000000	0.3300087	0.0000000	0.0000000	0.9040615	4391.1007026	1.5281694	0.0000000	0.0000000	0.0000000	0.0000000	0.0000000	0.0000000	0.0000000	0.0000000	
0.6576354	0.0000000	0.3305552	0.0000000	0.0000000	0.9054310	4419.5639364	1.5278914	0.0000000	0.0000000	0.0000000	0.0000000	0.0000000	0.0000000	0.0000000	0.0000000	
0.6574091	0.0000000	0.3308162	0.0000000	0.0000000	0.9063862	4448.3985765	1.5276158	0.0000000	0.0000000	0.0000000	0.0000000	0.0000000	0.0000000	0.0000000	0.0000000	
0.6572425	0.0000000	0.3309151	0.0000000	0.0000000	0.9070402	4477.6119403	1.5273430	0.0000000	0.0000000	0.0000000	0.0000000	0.0000000	0.0000000	0.0000000	0.0000000	
0.6572320	0.0000000	0.3309458	0.0000000	0.0000000	0.9076992	4507.2115385	1.5270725	0.0000000	0.0000000	0.0000000	0.0000000	0.0000000	0.0000000	0.0000000	0.0000000	
0.6575004	0.0000000	0.3309763	0.0000000	0.0000000	0.9087861	4537.2050817	1.5268048	0.0000000	0.0000000	0.0000000	0.0000000	0.0000000	0.0000000	0.0000000	0.0000000	
0.6574689	0.0000000	0.3308252	0.0000000	0.0000000	0.9095818	4567.6004872	1.5265394	0.0000000	0.0000000	0.0000000	0.0000000	0.0000000	0.0000000	0.0000000	0.0000000	
0.6578017	0.0000000	0.3306254	0.0000000	0.0000000	0.9103548	4598.4058860	1.5262767	0.0000000	0.0000000	0.0000000	0.0000000	0.0000000	0.0000000	0.0000000	0.0000000	
0.6575687	0.0000000	0.3303351	0.0000000	0.0000000	0.9111709	4629.6296296	1.5260162	0.0000000	0.0000000	0.0000000	0.0000000	0.0000000	0.0000000	0.0000000	0.0000000	
0.6577068	0.0000000	0.3300981	0.0000000	0.0000000	0.9120747	4661.2802983	1.5257581	0.0000000	0.0000000	0.0000000	0.0000000	0.0000000	0.0000000	0.0000000	0.0000000	
0.6578248	0.0000000	0.3296642	0.0000000	0.0000000	0.9130732	4693.3667084	1.5255023	0.0000000	0.0000000	0.0000000	0.0000000	0.0000000	0.0000000	0.0000000	0.0000000	
0.6581526	0.0000000	0.3291282	0.0000000	0.0000000	0.9136491	4725.8979206	1.5252490	0.0000000	0.0000000	0.0000000	0.0000000	0.0000000	0.0000000	0.0000000	0.0000000	
0.6583908	0.0000000	0.3286013	0.0000000	0.0000000	0.9139015	4758.8832487	1.5249977	0.0000000	0.0000000	0.0000000	0.0000000	0.0000000	0.0000000	0.0000000	0.0000000	
0.6585089	0.0000000	0.3279081	0.0000000	0.0000000	0.9144717	4792.3322684	1.5247490	0.0000000	0.0000000	0.0000000	0.0000000	0.0000000	0.0000000	0.0000000	0.0000000	
0.6590690	0.0000000	0.3275317	0.0000000	0.0000000	0.9145002	4826.2548263	1.5245024	0.0000000	0.0000000	0.0000000	0.0000000	0.0000000	0.0000000	0.0000000	0.0000000	
0.6594685	0.0000000	0.3271025	0.0000000	0.0000000	0.9145168	4860.6610499	1.5242580	0.0000000	0.0000000	0.0000000	0.0000000	0.0000000	0.0000000	0.0000000	0.0000000	
0.6603264	0.0000000	0.3265229	0.0000000	0.0000000	0.9146990	4895.5613577	1.5240158	0.0000000	0.0000000	0.0000000	0.0000000	0.0000000	0.0000000	0.0000000	0.0000000	
0.6608606	0.0000000	0.3257875	0.0000000	0.0000000	0.9144055	4930.9664694	1.5237757	0.0000000	0.0000000	0.0000000	0.0000000	0.0000000	0.0000000	0.0000000	0.0000000	
0.6616873	0.0000000	0.3249605	0.0000000	0.0000000	0.9138446	4966.8874172	1.5235376	0.0000000	0.0000000	0.0000000	0.0000000	0.0000000	0.0000000	0.0000000	0.0000000	
0.6623781	0.0000000	0.3237487	0.0000000	0.0000000	0.9135224	5003.3355570	1.5233017	0.0000000	0.0000000	0.0000000	0.0000000	0.0000000	0.0000000	0.0000000	0.0000000	
0.6630237	0.0000000	0.3227309	0.0000000	0.0000000	0.9132404	5040.3225806	1.5230680	0.0000000	0.0000000	0.0000000	0.0000000	0.0000000	0.0000000	0.0000000	0.0000000	
0.6638525	0.0000000	0.3216041	0.0000000	0.0000000	0.9129768	5077.8605281	1.5228361	0.0000000	0.0000000	0.0000000	0.0000000	0.0000000	0.0000000	0.0000000	0.0000000	
0.6644884	0.0000000	0.3203273	0.0000000	0.0000000	0.9128061	5115.9618008	1.5226064	0.0000000	0.0000000	0.0000000	0.0000000	0.0000000	0.0000000	0.0000000	0.0000000	
0.6654512	0.0000000	0.3192747	0.0000000	0.0000000	0.9130399	5154.6391753	1.5223786	0.0000000	0.0000000	0.0000000	0.0000000	0.0000000	0.0000000	0.0000000	0.0000000	
0.6660953	0.0000000	0.3180803	0.0000000	0.0000000	0.9133982	5193.9058172	1.5221527	0.0000000	0.0000000	0.0000000	0.0000000	0.0000000	0.0000000	0.0000000	0.0000000	
0.6669665	0.0000000	0.3167991	0.0000000	0.0000000	0.9128838	5233.7752966	1.5219288	0.0000000	0.0000000	0.0000000	0.0000000	0.0000000	0.0000000	0.0000000	0.0000000	
0.6678510	0.0000000	0.3154604	0.0000000	0.0000000	0.9123162	5274.2616034	1.5217068	0.0000000	0.0000000	0.0000000	0.0000000	0.0000000	0.0000000	0.0000000	0.0000000	
0.6687398	0.0000000	0.3140164	0.0000000	0.0000000	0.9117154	5315.3791637	1.5214866	0.0000000	0.0000000	0.0000000	0.0000000	0.0000000	0.0000000	0.0000000	0.0000000	
0.6696228	0.0000000	0.3125268	0.0000000	0.0000000	0.9110648	5357.1428571	1.5212682	0.0000000	0.0000000	0.0000000	0.0000000	0.0000000	0.0000000	0.0000000	0.0000000	
0.6707208	0.0000000	0.3110612	0.0000000	0.0000000	0.9101211	5399.5680346	1.5210518	0.0000000	0.0000000	0.0000000	0.0000000	0.0000000	0.0000000	0.0000000	0.0000000	
0.6718848	0.0000000	0.3096756	0.0000000	0.0000000	0.9093661	5442.6705370	1.5208372	0.0000000	0.0000000	0.0000000	0.0000000	0.0000000	0.0000000	0.0000000	0.0000000	
0.6729377	0.0000000	0.3081370	0.0000000	0.0000000	0.9085677	5486.4667154	1.5206243	0.0000000	0.0000000	0.0000000	0.0000000	0.0000000	0.0000000	0.0000000	0.0000000	
0.6742262	0.0000000	0.3066868	0.0000000	0.0000000	0.9078047	5530.9734513	1.5204134	0.0000000	0.0000000	0.0000000	0.0000000	0.0000000	0.0000000	0.0000000	0.0000000	
0.6753318	0.0000000	0.3050740	0.0000000	0.0000000	0.9069785	5576.2081784	1.5202039	0.0000000	0.0000000	0.0000000	0.0000000	0.0000000	0.0000000	0.0000000	0.0000000	
0.6766394	0.0000000	0.3035322	0.0000000	0.0000000	0.9060058	5622.1889055	1.5199963	0.0000000	0.0000000	0.0000000	0.0000000	0.0000000	0.0000000	0.0000000	0.0000000	
0.6778195	0.0000000	0.3019232	0.0000000	0.0000000	0.9049878	5668.9342404	1.5197904	0.0000000	0.0000000	0.0000000	0.0000000	0.0000000	0.0000000	0.0000000	0.0000000	
0.6789426	0.0000000	0.3003546	0.0000000	0.0000000	0.9040459	5716.4634146	1.5195861	0.0000000	0.0000000	0.0000000	0.0000000	0.0000000	0.0000000	0.0000000	0.0000000	
0.6801755	0.0000000	0.2987098	0.0000000	0.0000000	0.9032103	5764.7963105	1.5193834	0.0000000	0.0000000	0.0000000	0.0000000	0.0000000	0.0000000	0.0000000	0.0000000	
0.6812706	0.0000000	0.2970072	0.0000000	0.0000000	0.9018867	5813.9534884	1.5191827	0.0000000	0.0000000	0.0000000	0.0000000	0.0000000	0.0000000	0.0000000	0.0000000	
0.6824893	0.0000000	0.2951851	0.0000000	0.0000000	0.9005831	5863.9562158	1.5189832	0.0000000	0.0000000	0.0000000	0.0000000	0.0000000	0.0000000	0.0000000	0.0000000	
0.6836224	0.0000000	0.2933852	0.0000000	0.0000000	0.8989618	5914.8264984	1.5187855	0.0000000	0.0000000	0.0000000	0.0000000	0.0000000	0.0000000	0.0000000	0.0000000	
0.6849205	0.0000000	0.2914103	0.0000000	0.0000000	0.8970658	5966.5871122	1.5185894	0.0000000	0.0000000	0.0000000	0.0000000	0.0000000	0.0000000	0.0000000	0.0000000	
0.6862173	0.0000000	0.2894409	0.0000000	0.0000000	0.8952255	6019.2616372	1.5183948	0.0000000	0.0000000	0.0000000	0.0000000	0.0000000	0.0000000	0.0000000	0.0000000	
0.6875734	0.0000000	0.2877073	0.0000000	0.0000000	0.8938676	6072.8744939	1.5182017	0.0000000	0.0000000	0.0000000	0.0000000	0.0000000	0.0000000	0.0000000	0.0000000	
0.6888160	0.0000000	0.2859350	0.0000000	0.0000000	0.8925058	6127.4509804	1.5180101	0.0000000	0.0000000	0.0000000	0.0000000	0.0000000	0.0000000	0.0000000	0.0000000	
0.6900682	0.0000000	0.2840212	0.0000000	0.0000000	0.8907562	6183.0173124	1.5178201	0.0000000	0.0000000	0.0000000	0.0000000	0.0000000	0.0000000	0.0000000	0.0000000	
0.6913956	0.0000000	0.2819129	0.0000000	0.0000000	0.8887076	6239.6006656	1.5176315	0.0000000	0.0000000	0.0000000	0.0000000	0.0000000	0.0000000	0.0000000	0.0000000	
0.6924567	0.0000000	0.2798046	0.0000000	0.0000000	0.8863631	6297.2292191	1.5174445	0.0000000	0.0000000	0.0000000	0.0000000	0.0000000	0.0000000	0.0000000	0.0000000	
0.6938069	0.0000000	0.2778933	0.0000000	0.0000000	0.8845503	6355.9322034	1.5172591	0.0000000	0.0000000	0.0000000	0.0000000	0.0000000	0.0000000	0.0000000	0.0000000	
0.6950417	0.0000000	0.2757730	0.0000000	0.0000000	0.8821237	6415.7399487	1.5170748	0.0000000	0.0000000	0.0000000	0.0000000	0.0000000	0.0000000	0.0000000	0.0000000	
0.6966097	0.0000000	0.2733295	0.0000000	0.0000000	0.8787298	6476.6839378	1.5168921	0.0000000	0.0000000	0.0000000	0.0000000	0.0000000	0.0000000	0.0000000	0.0000000	
0.6976561	0.0000000	0.2711116	0.0000000	0.0000000	0.8758470	6538.7968614	1.5167109	0.0000000	0.0000000	0.0000000	0.0000000	0.0000000	0.0000000	0.0000000	0.0000000	
0.6989304	0.0000000	0.2689321	0.0000000	0.0000000	0.8727831	6602.1126761	1.5165308	0.0000000	0.0000000	0.0000000	0.0000000	0.0000000	0.0000000	0.0000000	0.0000000	
0.7002127	0.0000000	0.2666290	0.0000000	0.0000000	0.8695542	6666.6666667	1.5163523	0.0000000	0.0000000	0.0000000	0.0000000	0.0000000	0.0000000	0.0000000	0.0000000	
0.7016316	0.0000000	0.2643487	0.0000000	0.0000000	0.8662209	6732.4955117	1.5161750	0.0000000	0.0000000	0.0000000	0.0000000	0.0000000	0.0000000	0.0000000	0.0000000	
0.7026773	0.0000000	0.2621518	0.0000000	0.0000000	0.8628941	6799.6373527	1.5159992	0.0000000	0.0000000	0.0000000	0.0000000	0.0000000	0.0000000	0.0000000	0.0000000	
0.7038602	0.0000000	0.2597486	0.0000000	0.0000000	0.8587730	6868.1318681	1.5158246	0.0000000	0.0000000	0.0000000	0.0000000	0.0000000	0.0000000	0.0000000	0.0000000	
0.7050546	0.0000000	0.2572773	0.0000000	0.0000000	0.8546954	6938.0203515	1.5156515	0.0000000	0.0000000	0.0000000	0.0000000	0.0000000	0.0000000	0.0000000	0.0000000	
0.7061499	0.0000000	0.2549087	0.0000000	0.0000000	0.8505474	7009.3457944	1.5154794	0.0000000	0.0000000	0.0000000	0.0000000	0.0000000	0.0000000	0.0000000	0.0000000	
0.7075315	0.0000000	0.2526028	0.0000000	0.0000000	0.8461630	7082.1529745	1.5153089	0.0000000	0.0000000	0.0000000	0.0000000	0.0000000	0.0000000	0.0000000	0.0000000	
0.7084472	0.0000000	0.2503034	0.0000000	0.0000000	0.8418692	7156.4885496	1.5151395	0.0000000	0.0000000	0.0000000	0.0000000	0.0000000	0.0000000	0.0000000	0.0000000	
0.7097416	0.0000000	0.2480680	0.0000000	0.0000000	0.8373109	7232.4011572	1.5149711	0.0000000	0.0000000	0.0000000	0.0000000	0.0000000	0.0000000	0.0000000	0.0000000	
0.7104383	0.0000000	0.2455109	0.0000000	0.0000000	0.8318861	7309.9415205	1.5148045	0.0000000	0.0000000	0.0000000	0.0000000	0.0000000	0.0000000	0.0000000	0.0000000	
0.7115001	0.0000000	0.2431028	0.0000000	0.0000000	0.8261182	7389.1625616	1.5146388	0.0000000	0.0000000	0.0000000	0.0000000	0.0000000	0.0000000	0.0000000	0.0000000	
0.7124713	0.0000000	0.2404071	0.0000000	0.0000000	0.8196482	7470.1195219	1.5144742	0.0000000	0.0000000	0.0000000	0.0000000	0.0000000	0.0000000	0.0000000	0.0000000	
0.7131871	0.0000000	0.2378337	0.0000000	0.0000000	0.8126880	7552.8700906	1.5143112	0.0000000	0.0000000	0.0000000	0.0000000	0.0000000	0.0000000	0.0000000	0.0000000	
0.7144050	0.0000000	0.2353481	0.0000000	0.0000000	0.8055135	7637.4745418	1.5141490	0.0000000	0.0000000	0.0000000	0.0000000	0.0000000	0.0000000	0.0000000	0.0000000	
0.7152401	0.0000000	0.2326365	0.0000000	0.0000000	0.7979241	7723.9958805	1.5139880	0.0000000	0.0000000	0.0000000	0.0000000	0.0000000	0.0000000	0.0000000	0.0000000	
0.7162059	0.0000000	0.2301148	0.0000000	0.0000000	0.7903238	7812.5000000	1.5138284	0.0000000	0.0000000	0.0000000	0.0000000	0.0000000	0.0000000	0.0000000	0.0000000	
0.7171198	0.0000000	0.2271818	0.0000000	0.0000000	0.7816335	7903.0558483	1.5136697	0.0000000	0.0000000	0.0000000	0.0000000	0.0000000	0.0000000	0.0000000	0.0000000	
0.7178326	0.0000000	0.2247071	0.0000000	0.0000000	0.7747650	7995.7356077	1.5135124	0.0000000	0.0000000	0.0000000	0.0000000	0.0000000	0.0000000	0.0000000	0.0000000	
0.7190669	0.0000000	0.2218876	0.0000000	0.0000000	0.7671046	8090.6148867	1.5133560	0.0000000	0.0000000	0.0000000	0.0000000	0.0000000	0.0000000	0.0000000	0.0000000	
0.7201082	0.0000000	0.2187239	0.0000000	0.0000000	0.7598203	8187.7729258	1.5132006	0.0000000	0.0000000	0.0000000	0.0000000	0.0000000	0.0000000	0.0000000	0.0000000	
0.7211253	0.0000000	0.2162139	0.0000000	0.0000000	0.7570370	8287.2928177	1.5130466	0.0000000	0.0000000	0.0000000	0.0000000	0.0000000	0.0000000	0.0000000	0.0000000	
0.7226426	0.0000000	0.2137393	0.0000000	0.0000000	0.7570699	8389.2617450	1.5128936	0.0000000	0.0000000	0.0000000	0.0000000	0.0000000	0.0000000	0.0000000	0.0000000	
0.7241819	0.0000000	0.2107928	0.0000000	0.0000000	0.7596053	8493.7712344	1.5127416	0.0000000	0.0000000	0.0000000	0.0000000	0.0000000	0.0000000	0.0000000	0.0000000	
0.7282825	0.0000000	0.2106995	0.0000000	0.0000000	0.7649170	8600.9174312	1.5125909	0.0000000	0.0000000	0.0000000	0.0000000	0.0000000	0.0000000	0.0000000	0.0000000	
0.7313312	0.0000000	0.2101265	0.0000000	0.0000000	0.7731716	8710.8013937	1.5124409	0.0000000	0.0000000	0.0000000	0.0000000	0.0000000	0.0000000	0.0000000	0.0000000	
0.7339528	0.0000000	0.2071365	0.0000000	0.0000000	0.7842967	8823.5294118	1.5122921	0.0000000	0.0000000	0.0000000	0.0000000	0.0000000	0.0000000	0.0000000	0.0000000	
0.7348834	0.0000000	0.2044719	0.0000000	0.0000000	0.7950894	8939.2133492	1.5121443	0.0000000	0.0000000	0.0000000	0.0000000	0.0000000	0.0000000	0.0000000	0.0000000	
0.7360271	0.0000000	0.2019030	0.0000000	0.0000000	0.8065084	9057.9710145	1.5119978	0.0000000	0.0000000	0.0000000	0.0000000	0.0000000	0.0000000	0.0000000	0.0000000	
0.7388378	0.0000000	0.1992213	0.0000000	0.0000000	0.8183880	9179.9265606	1.5118520	0.0000000	0.0000000	0.0000000	0.0000000	0.0000000	0.0000000	0.0000000	0.0000000	
0.7399867	0.0000000	0.1968984	0.0000000	0.0000000	0.8296098	9305.2109181	1.5117073	0.0000000	0.0000000	0.0000000	0.0000000	0.0000000	0.0000000	0.0000000	0.0000000	
0.7410727	0.0000000	0.1936567	0.0000000	0.0000000	0.8389072	9433.9622642	1.5115635	0.0000000	0.0000000	0.0000000	0.0000000	0.0000000	0.0000000	0.0000000	0.0000000	
0.7430494	0.0000000	0.1910294	0.0000000	0.0000000	0.8485227	9566.3265306	1.5114207	0.0000000	0.0000000	0.0000000	0.0000000	0.0000000	0.0000000	0.0000000	0.0000000	
0.7459964	0.0000000	0.1884811	0.0000000	0.0000000	0.8578278	9702.4579560	1.5112790	0.0000000	0.0000000	0.0000000	0.0000000	0.0000000	0.0000000	0.0000000	0.0000000	
0.7479273	0.0000000	0.1859653	0.0000000	0.0000000	0.8652941	9842.5196850	1.5111383	0.0000000	0.0000000	0.0000000	0.0000000	0.0000000	0.0000000	0.0000000	0.0000000	
0.7486277	0.0000000	0.1835120	0.0000000	0.0000000	0.8726100	9986.6844208	1.5109982	0.0000000	0.0000000	0.0000000	0.0000000	0.0000000	0.0000000	0.0000000	0.0000000	
0.7507629	0.0000000	0.1808356	0.0000000	0.0000000	0.8796087	10135.1351351	1.5108595	0.0000000	0.0000000	0.0000000	0.0000000	0.0000000	0.0000000	0.0000000	0.0000000	
0.7529943	0.0000000	0.1779497	0.0000000	0.0000000	0.8850291	10288.0658436	1.5107214	0.0000000	0.0000000	0.0000000	0.0000000	0.0000000	0.0000000	0.0000000	0.0000000	
0.7554915	0.0000000	0.1752877	0.0000000	0.0000000	0.8903638	10445.6824513	1.5105844	0.0000000	0.0000000	0.0000000	0.0000000	0.0000000	0.0000000	0.0000000	0.0000000	
0.7578785	0.0000000	0.1728122	0.0000000	0.0000000	0.8957325	10608.2036775	1.5104482	0.0000000	0.0000000	0.0000000	0.0000000	0.0000000	0.0000000	0.0000000	0.0000000	
0.7610231	0.0000000	0.1698970	0.0000000	0.0000000	0.8995082	10775.8620690	1.5103129	0.0000000	0.0000000	0.0000000	0.0000000	0.0000000	0.0000000	0.0000000	0.0000000	
0.7640083	0.0000000	0.1676910	0.0000000	0.0000000	0.9055421	10948.9051095	1.5101786	0.0000000	0.0000000	0.0000000	0.0000000	0.0000000	0.0000000	0.0000000	0.0000000	
0.7664343	0.0000000	0.1650928	0.0000000	0.0000000	0.9091933	11127.5964392	1.5100451	0.0000000	0.0000000	0.0000000	0.0000000	0.0000000	0.0000000	0.0000000	0.0000000	
0.7691079	0.0000000	0.1621974	0.0000000	0.0000000	0.9109801	11312.2171946	1.5099126	0.0000000	0.0000000	0.0000000	0.0000000	0.0000000	0.0000000	0.0000000	0.0000000	
0.7716978	0.0000000	0.1600030	0.0000000	0.0000000	0.9155865	11503.0674847	1.5097809	0.0000000	0.0000000	0.0000000	0.0000000	0.0000000	0.0000000	0.0000000	0.0000000	
0.7739981	0.0000000	0.1576717	0.0000000	0.0000000	0.9190262	11700.4680187	1.5096499	0.0000000	0.0000000	0.0000000	0.0000000	0.0000000	0.0000000	0.0000000	0.0000000	
0.7769291	0.0000000	0.1550884	0.0000000	0.0000000	0.9212020	11904.7619048	1.5095199	0.0000000	0.0000000	0.0000000	0.0000000	0.0000000	0.0000000	0.0000000	0.0000000	
0.7800690	0.0000000	0.1527010	0.0000000	0.0000000	0.9243959	12116.3166397	1.5093908	0.0000000	0.0000000	0.0000000	0.0000000	0.0000000	0.0000000	0.0000000	0.0000000	
0.7826989	0.0000000	0.1502941	0.0000000	0.0000000	0.9272421	12335.5263158	1.5092624	0.0000000	0.0000000	0.0000000	0.0000000	0.0000000	0.0000000	0.0000000	0.0000000	
0.7865707	0.0000000	0.1478532	0.0000000	0.0000000	0.9293991	12562.8140704	1.5091350	0.0000000	0.0000000	0.0000000	0.0000000	0.0000000	0.0000000	0.0000000	0.0000000	
0.7898714	0.0000000	0.1454084	0.0000000	0.0000000	0.9315291	12798.6348123	1.5090083	0.0000000	0.0000000	0.0000000	0.0000000	0.0000000	0.0000000	0.0000000	0.0000000	
0.7943929	0.0000000	0.1431432	0.0000000	0.0000000	0.9340728	13043.4782609	1.5088823	0.0000000	0.0000000	0.0000000	0.0000000	0.0000000	0.0000000	0.0000000	0.0000000	
0.7986679	0.0000000	0.1407119	0.0000000	0.0000000	0.9361621	13297.8723404	1.5087574	0.0000000	0.0000000	0.0000000	0.0000000	0.0000000	0.0000000	0.0000000	0.0000000	
0.8022766	0.0000000	0.1386598	0.0000000	0.0000000	0.9394507	13562.3869801	1.5086330	0.0000000	0.0000000	0.0000000	0.0000000	0.0000000	0.0000000	0.0000000	0.0000000	
0.8066322	0.0000000	0.1366567	0.0000000	0.0000000	0.9416639	13837.6383764	1.5085095	0.0000000	0.0000000	0.0000000	0.0000000	0.0000000	0.0000000	0.0000000	0.0000000	
0.8110110	0.0000000	0.1343389	0.0000000	0.0000000	0.9424761	14124.2937853	1.5083869	0.0000000	0.0000000	0.0000000	0.0000000	0.0000000	0.0000000	0.0000000	0.0000000	
0.8162345	0.0000000	0.1321297	0.0000000	0.0000000	0.9437598	14423.0769231	1.5082649	0.0000000	0.0000000	0.0000000	0.0000000	0.0000000	0.0000000	0.0000000	0.0000000	
0.8214066	0.0000000	0.1301214	0.0000000	0.0000000	0.9458688	14734.7740668	1.5081438	0.0000000	0.0000000	0.0000000	0.0000000	0.0000000	0.0000000	0.0000000	0.0000000	
0.8263835	0.0000000	0.1281650	0.0000000	0.0000000	0.9480804	15060.2409639	1.5080234	0.0000000	0.0000000	0.0000000	0.0000000	0.0000000	0.0000000	0.0000000	0.0000000	
0.8310803	0.0000000	0.1260345	0.0000000	0.0000000	0.9492060	15400.4106776	1.5079038	0.0000000	0.0000000	0.0000000	0.0000000	0.0000000	0.0000000	0.0000000	0.0000000	
0.8353958	0.0000000	0.1241249	0.0000000	0.0000000	0.9516751	15756.3025210	1.5077848	0.0000000	0.0000000	0.0000000	0.0000000	0.0000000	0.0000000	0.0000000	0.0000000	
0.8399307	0.0000000	0.1220405	0.0000000	0.0000000	0.9525157	16129.0322581	1.5076666	0.0000000	0.0000000	0.0000000	0.0000000	0.0000000	0.0000000	0.0000000	0.0000000	
0.8435267	0.0000000	0.1201434	0.0000000	0.0000000	0.9547400	16519.8237885	1.5075492	0.0000000	0.0000000	0.0000000	0.0000000	0.0000000	0.0000000	0.0000000	0.0000000	
0.8452847	0.0000000	0.1180420	0.0000000	0.0000000	0.9555939	16930.0225734	1.5074325	0.0000000	0.0000000	0.0000000	0.0000000	0.0000000	0.0000000	0.0000000	0.0000000	
0.8475469	0.0000000	0.1159868	0.0000000	0.0000000	0.9566362	17361.1111111	1.5073165	0.0000000	0.0000000	0.0000000	0.0000000	0.0000000	0.0000000	0.0000000	0.0000000	
0.8492665	0.0000000	0.1137954	0.0000000	0.0000000	0.9576887	17814.7268409	1.5072013	0.0000000	0.0000000	0.0000000	0.0000000	0.0000000	0.0000000	0.0000000	0.0000000	
0.8508352	0.0000000	0.1115552	0.0000000	0.0000000	0.9589320	18292.6829268	1.5070865	0.0000000	0.0000000	0.0000000	0.0000000	0.0000000	0.0000000	0.0000000	0.0000000	
0.8523770	0.0000000	0.1097260	0.0000000	0.0000000	0.9599732	18796.9924812	1.5069728	0.0000000	0.0000000	0.0000000	0.0000000	0.0000000	0.0000000	0.0000000	0.0000000	
0.8544696	0.0000000	0.1080051	0.0000000	0.0000000	0.9607715	19329.8969072	1.5068597	0.0000000	0.0000000	0.0000000	0.0000000	0.0000000	0.0000000	0.0000000	0.0000000	
0.8560543	0.0000000	0.1056496	0.0000000	0.0000000	0.9622635	19893.8992042	1.5067470	0.0000000	0.0000000	0.0000000	0.0000000	0.0000000	0.0000000	0.0000000	0.0000000	
0.8585699	0.0000000	0.1037425	0.0000000	0.0000000	0.9630481	20491.8032787	1.5066352	0.0000000	0.0000000	0.0000000	0.0000000	0.0000000	0.0000000	0.0000000	0.0000000	
0.8610515	0.0000000	0.1021006	0.0000000	0.0000000	0.9642670	21126.7605634	1.5065241	0.0000000	0.0000000	0.0000000	0.0000000	0.0000000	0.0000000	0.0000000	0.0000000	
0.8608639	0.0000000	0.1003528	0.0000000	0.0000000	0.9649042	21802.3255814	1.5064136	0.0000000	0.0000000	0.0000000	0.0000000	0.0000000	0.0000000	0.0000000	0.0000000	
0.8597623	0.0000000	0.0979090	0.0000000	0.0000000	0.9649467	22522.5225225	1.5063038	0.0000000	0.0000000	0.0000000	0.0000000	0.0000000	0.0000000	0.0000000	0.0000000	
0.8633452	0.0000000	0.0959317	0.0000000	0.0000000	0.9648645	23291.9254658	1.5061946	0.0000000	0.0000000	0.0000000	0.0000000	0.0000000	0.0000000	0.0000000	0.0000000	
0.8646395	0.0000000	0.0960572	0.0000000	0.0000000	0.9662524	24115.7556270	1.5060861	0.0000000	0.0000000	0.0000000	0.0000000	0.0000000	0.0000000	0.0000000	0.0000000	
0.8607156	0.0000000	0.0951446	0.0000000	0.0000000	0.9677865	25000.0000000	1.5059782	0.0000000	0.0000000	0.0000000	0.0000000	0.0000000	0.0000000	0.0000000	0.0000000	
