eTn	eTp	eRn	eRp	eR1	eAPDS	eLETT	k1	k2	k3	k4	k5	k6	k7	k8	k_ibri
0.0005327	1.0000000	0.0020530	1.0000000	1.0000000	1.0000000	0.0005303	0.0001150	1.0000000	1.0000000	1.0000000	1.0000000	1.0000000	1.0000000	1.0000000	0.0000000	
0.0005338	1.0000000	0.0020083	1.0000000	1.0000000	1.0000000	0.0005296	0.0001051	1.0000000	1.0000000	1.0000000	1.0000000	1.0000000	1.0000000	1.0000000	0.0000000	
0.0005359	1.0000000	0.0019583	1.0000000	1.0000000	1.0000000	0.0005290	0.0000960	1.0000000	1.0000000	1.0000000	1.0000000	1.0000000	1.0000000	1.0000000	0.0000000	
0.0005394	1.0000000	0.0019077	1.0000000	1.0000000	1.0000000	0.0005283	0.0000873	1.0000000	1.0000000	1.0000000	1.0000000	1.0000000	1.0000000	1.0000000	0.0000000	
0.0005449	1.0000000	0.0018546	1.0000000	1.0000000	1.0000000	0.0005277	0.0000794	1.0000000	1.0000000	1.0000000	1.0000000	1.0000000	1.0000000	1.0000000	0.0000000	
0.0005529	1.0000000	0.0018008	1.0000000	1.0000000	1.0000000	0.0005271	0.0000720	1.0000000	1.0000000	1.0000000	1.0000000	1.0000000	1.0000000	1.0000000	0.0000000	
0.0005644	1.0000000	0.0017419	1.0000000	1.0000000	1.0000000	0.0005265	0.0000652	1.0000000	1.0000000	1.0000000	1.0000000	1.0000000	1.0000000	1.0000000	0.0000000	
0.0005803	1.0000000	0.0016832	1.0000000	1.0000000	1.0000000	0.0005259	0.0000588	1.0000000	1.0000000	1.0000000	1.0000000	1.0000000	1.0000000	1.0000000	0.0000000	
0.0006014	1.0000000	0.0016209	1.0000000	1.0000000	1.0000000	0.0005253	0.0000529	1.0000000	1.0000000	1.0000000	1.0000000	1.0000000	1.0000000	1.0000000	0.0000000	
0.0006292	1.0000000	0.0015589	1.0000000	1.0000000	1.0000000	0.0005248	0.0000475	1.0000000	1.0000000	1.0000000	1.0000000	1.0000000	1.0000000	1.0000000	0.0000000	
0.0006633	1.0000000	0.0015014	1.0000000	1.0000000	1.0000000	0.0005242	0.0000426	1.0000000	1.0000000	1.0000000	1.0000000	1.0000000	1.0000000	1.0000000	0.0000000	
0.0007054	1.0000000	0.0014436	1.0000000	1.0000000	1.0000000	0.0005237	0.0000381	1.0000000	1.0000000	1.0000000	1.0000000	1.0000000	1.0000000	1.0000000	0.0000000	
0.0007547	1.0000000	0.0013898	1.0000000	1.0000000	1.0000000	0.0005232	0.0000341	1.0000000	1.0000000	1.0000000	1.0000000	1.0000000	1.0000000	1.0000000	0.0000000	
0.0008143	1.0000000	0.0013539	1.0000000	1.0000000	1.0000000	0.0005227	0.0000302	1.0000000	1.0000000	1.0000000	1.0000000	1.0000000	1.0000000	1.0000000	0.0000000	
0.0008826	1.0000000	0.0013079	1.0000000	1.0000000	1.0000000	0.0005222	0.0000268	1.0000000	1.0000000	1.0000000	1.0000000	1.0000000	1.0000000	1.0000000	0.0000000	
0.0009569	1.0000000	0.0012709	1.0000000	1.0000000	1.0000000	0.0005217	0.0000237	1.0000000	1.0000000	1.0000000	1.0000000	1.0000000	1.0000000	1.0000000	0.0000000	
0.0010397	1.0000000	0.0012422	1.0000000	1.0000000	1.0000000	0.0005212	0.0000210	1.0000000	1.0000000	1.0000000	1.0000000	1.0000000	1.0000000	1.0000000	0.0000000	
0.0011282	1.0000000	0.0012244	1.0000000	1.0000000	1.0000000	0.0005208	0.0000185	1.0000000	1.0000000	1.0000000	1.0000000	1.0000000	1.0000000	1.0000000	0.0000000	
0.0012196	1.0000000	0.0012228	1.0000000	1.0000000	1.0000000	0.0005203	0.0000163	1.0000000	1.0000000	1.0000000	1.0000000	1.0000000	1.0000000	1.0000000	0.0000000	
0.0013119	1.0000000	0.0012348	1.0000000	1.0000000	1.0000000	0.0005199	0.0000143	1.0000000	1.0000000	1.0000000	1.0000000	1.0000000	1.0000000	1.0000000	0.0000000	
0.0014062	1.0000000	0.0012568	1.0000000	1.0000000	1.0000000	0.0005194	0.0000126	1.0000000	1.0000000	1.0000000	1.0000000	1.0000000	1.0000000	1.0000000	0.0000000	
0.0015011	1.0000000	0.0012874	1.0000000	1.0000000	1.0000000	0.0005190	0.0000110	1.0000000	1.0000000	1.0000000	1.0000000	1.0000000	1.0000000	1.0000000	0.0000000	
0.0015898	1.0000000	0.0013317	1.0000000	1.0000000	1.0000000	0.0005186	0.0000096	1.0000000	1.0000000	1.0000000	1.0000000	1.0000000	1.0000000	1.0000000	0.0000000	
0.0016733	1.0000000	0.0013816	1.0000000	1.0000000	1.0000000	0.0005182	0.0000084	1.0000000	1.0000000	1.0000000	1.0000000	1.0000000	1.0000000	1.0000000	0.0000000	
0.0017490	1.0000000	0.0014427	1.0000000	1.0000000	1.0000000	0.0005178	0.0000073	1.0000000	1.0000000	1.0000000	1.0000000	1.0000000	1.0000000	1.0000000	0.0000000	
0.0018199	1.0000000	0.0015073	1.0000000	1.0000000	1.0000000	0.0005174	0.0000064	1.0000000	1.0000000	1.0000000	1.0000000	1.0000000	1.0000000	1.0000000	0.0000000	
0.0018787	1.0000000	0.0015734	1.0000000	1.0000000	1.0000000	0.0005171	0.0000055	1.0000000	1.0000000	1.0000000	1.0000000	1.0000000	1.0000000	1.0000000	0.0000000	
0.0019333	1.0000000	0.0016440	1.0000000	1.0000000	1.0000000	0.0005167	0.0000048	1.0000000	1.0000000	1.0000000	1.0000000	1.0000000	1.0000000	1.0000000	0.0000000	
0.0019784	1.0000000	0.0017134	1.0000000	1.0000000	1.0000000	0.0005163	0.0000041	1.0000000	1.0000000	1.0000000	1.0000000	1.0000000	1.0000000	1.0000000	0.0000000	
0.0020162	1.0000000	0.0017868	1.0000000	1.0000000	1.0000000	0.0005160	0.0000036	1.0000000	1.0000000	1.0000000	1.0000000	1.0000000	1.0000000	1.0000000	0.0000000	
0.0020481	1.0000000	0.0018513	1.0000000	1.0000000	1.0000000	0.0005157	0.0000031	1.0000000	1.0000000	1.0000000	1.0000000	1.0000000	1.0000000	1.0000000	0.0000000	
0.0020718	1.0000000	0.0019175	1.0000000	1.0000000	1.0000000	0.0005153	0.0000027	1.0000000	1.0000000	1.0000000	1.0000000	1.0000000	1.0000000	1.0000000	0.0000000	
0.0020893	1.0000000	0.0019798	1.0000000	1.0000000	1.0000000	0.0005150	0.0000023	1.0000000	1.0000000	1.0000000	1.0000000	1.0000000	1.0000000	1.0000000	0.0000000	
0.0021035	1.0000000	0.0020360	1.0000000	1.0000000	1.0000000	0.0005147	0.0000020	1.0000000	1.0000000	1.0000000	1.0000000	1.0000000	1.0000000	1.0000000	0.0000000	
0.0021142	1.0000000	0.0020976	1.0000000	1.0000000	1.0000000	0.0005144	0.0000017	1.0000000	1.0000000	1.0000000	1.0000000	1.0000000	1.0000000	1.0000000	0.0000000	
0.0021195	1.0000000	0.0021508	1.0000000	1.0000000	1.0000000	0.0005141	0.0000015	1.0000000	1.0000000	1.0000000	1.0000000	1.0000000	1.0000000	1.0000000	0.0000000	
0.0021228	1.0000000	0.0022007	1.0000000	1.0000000	1.0000000	0.0005138	0.0000013	1.0000000	1.0000000	1.0000000	1.0000000	1.0000000	1.0000000	1.0000000	0.0000000	
0.0021227	1.0000000	0.0022514	1.0000000	1.0000000	1.0000000	0.0005135	0.0000012	1.0000000	1.0000000	1.0000000	1.0000000	1.0000000	1.0000000	1.0000000	0.0000000	
0.0021212	1.0000000	0.0023003	1.0000000	1.0000000	1.0000000	0.0005132	0.0000010	1.0000000	1.0000000	1.0000000	1.0000000	1.0000000	1.0000000	1.0000000	0.0000000	
0.0021172	1.0000000	0.0023399	1.0000000	1.0000000	1.0000000	0.0005129	0.0000009	1.0000000	1.0000000	1.0000000	1.0000000	1.0000000	1.0000000	1.0000000	0.0000000	
0.0021098	1.0000000	0.0023770	1.0000000	1.0000000	1.0000000	0.0005126	0.0000008	1.0000000	1.0000000	1.0000000	1.0000000	1.0000000	1.0000000	1.0000000	0.0000000	
0.0021080	1.0000000	0.0024185	1.0000000	1.0000000	1.0000000	0.0005124	0.0000007	1.0000000	1.0000000	1.0000000	1.0000000	1.0000000	1.0000000	1.0000000	0.0000000	
0.0020992	1.0000000	0.0024482	1.0000000	1.0000000	1.0000000	0.0005121	0.0000007	1.0000000	1.0000000	1.0000000	1.0000000	1.0000000	1.0000000	1.0000000	0.0000000	
0.0020907	1.0000000	0.0024807	1.0000000	1.0000000	1.0000000	0.0005118	0.0000006	1.0000000	1.0000000	1.0000000	1.0000000	1.0000000	1.0000000	1.0000000	0.0000000	
0.0020796	1.0000000	0.0025133	1.0000000	1.0000000	1.0000000	0.0005116	0.0000007	1.0000000	1.0000000	1.0000000	1.0000000	1.0000000	1.0000000	1.0000000	0.0000000	
0.0020679	1.0000000	0.0025397	1.0000000	1.0000000	1.0000000	0.0005113	0.0000007	1.0000000	1.0000000	1.0000000	1.0000000	1.0000000	1.0000000	1.0000000	0.0000000	
0.0020561	1.0000000	0.0025624	1.0000000	1.0000000	1.0000000	0.0005111	0.0000008	1.0000000	1.0000000	1.0000000	1.0000000	1.0000000	1.0000000	1.0000000	0.0000000	
0.0020451	1.0000000	0.0025841	1.0000000	1.0000000	1.0000000	0.0005109	0.0000009	1.0000000	1.0000000	1.0000000	1.0000000	1.0000000	1.0000000	1.0000000	0.0000000	
0.0020336	1.0000000	0.0026099	1.0000000	1.0000000	1.0000000	0.0005106	0.0000009	1.0000000	1.0000000	1.0000000	1.0000000	1.0000000	1.0000000	1.0000000	0.0000000	
0.0020284	1.0000000	0.0026335	1.0000000	1.0000000	1.0000000	0.0005104	0.0000009	1.0000000	1.0000000	1.0000000	1.0000000	1.0000000	1.0000000	1.0000000	0.0000000	
0.0020266	1.0000000	0.0026581	1.0000000	1.0000000	1.0000000	0.0005102	0.0000008	1.0000000	1.0000000	1.0000000	1.0000000	1.0000000	1.0000000	1.0000000	0.0000000	
0.0020255	1.0000000	0.0026795	1.0000000	1.0000000	1.0000000	0.0005100	0.0000007	1.0000000	1.0000000	1.0000000	1.0000000	1.0000000	1.0000000	1.0000000	0.0000000	
0.0020232	1.0000000	0.0026987	1.0000000	1.0000000	1.0000000	0.0005098	0.0000006	1.0000000	1.0000000	1.0000000	1.0000000	1.0000000	1.0000000	1.0000000	0.0000000	
0.0020210	1.0000000	0.0027175	1.0000000	1.0000000	1.0000000	0.0005095	0.0000005	1.0000000	1.0000000	1.0000000	1.0000000	1.0000000	1.0000000	1.0000000	0.0000000	
0.0020187	1.0000000	0.0027342	1.0000000	1.0000000	1.0000000	0.0005093	0.0000004	1.0000000	1.0000000	1.0000000	1.0000000	1.0000000	1.0000000	1.0000000	0.0000000	
0.0020139	1.0000000	0.0027507	1.0000000	1.0000000	1.0000000	0.0005091	0.0000004	1.0000000	1.0000000	1.0000000	1.0000000	1.0000000	1.0000000	1.0000000	0.0000000	
0.0020102	1.0000000	0.0027644	1.0000000	1.0000000	1.0000000	0.0005089	0.0000003	1.0000000	1.0000000	1.0000000	1.0000000	1.0000000	1.0000000	1.0000000	0.0000000	
0.0020050	1.0000000	0.0027780	1.0000000	1.0000000	1.0000000	0.0005088	0.0000003	1.0000000	1.0000000	1.0000000	1.0000000	1.0000000	1.0000000	1.0000000	0.0000000	
0.0020006	1.0000000	0.0027898	1.0000000	1.0000000	1.0000000	0.0005086	0.0000003	1.0000000	1.0000000	1.0000000	1.0000000	1.0000000	1.0000000	1.0000000	0.0000000	
0.0019964	1.0000000	0.0028035	1.0000000	1.0000000	1.0000000	0.0005084	0.0000003	1.0000000	1.0000000	1.0000000	1.0000000	1.0000000	1.0000000	1.0000000	0.0000000	
0.0019919	1.0000000	0.0028148	1.0000000	1.0000000	1.0000000	0.0005082	0.0000003	1.0000000	1.0000000	1.0000000	1.0000000	1.0000000	1.0000000	1.0000000	0.0000000	
0.0019871	1.0000000	0.0028236	1.0000000	1.0000000	1.0000000	0.0005080	0.0000003	1.0000000	1.0000000	1.0000000	1.0000000	1.0000000	1.0000000	1.0000000	0.0000000	
0.0019819	1.0000000	0.0028321	1.0000000	1.0000000	1.0000000	0.0005079	0.0000003	1.0000000	1.0000000	1.0000000	1.0000000	1.0000000	1.0000000	1.0000000	0.0000000	
0.0019777	1.0000000	0.0028416	1.0000000	1.0000000	1.0000000	0.0005077	0.0000003	1.0000000	1.0000000	1.0000000	1.0000000	1.0000000	1.0000000	1.0000000	0.0000000	
0.0019743	1.0000000	0.0028492	1.0000000	1.0000000	1.0000000	0.0005075	0.0000003	1.0000000	1.0000000	1.0000000	1.0000000	1.0000000	1.0000000	1.0000000	0.0000000	
0.0019712	1.0000000	0.0028562	1.0000000	1.0000000	1.0000000	0.0005074	0.0000004	1.0000000	1.0000000	1.0000000	1.0000000	1.0000000	1.0000000	1.0000000	0.0000000	
0.0019675	1.0000000	0.0028616	1.0000000	1.0000000	1.0000000	0.0005072	0.0000004	1.0000000	1.0000000	1.0000000	1.0000000	1.0000000	1.0000000	1.0000000	0.0000000	
0.0019650	1.0000000	0.0028659	1.0000000	1.0000000	1.0000000	0.0005071	0.0000004	1.0000000	1.0000000	1.0000000	1.0000000	1.0000000	1.0000000	1.0000000	0.0000000	
0.0019631	1.0000000	0.0028696	1.0000000	1.0000000	1.0000000	0.0005069	0.0000003	1.0000000	1.0000000	1.0000000	1.0000000	1.0000000	1.0000000	1.0000000	0.0000000	
0.0019602	1.0000000	0.0028728	1.0000000	1.0000000	1.0000000	0.0005067	0.0000004	1.0000000	1.0000000	1.0000000	1.0000000	1.0000000	1.0000000	1.0000000	0.0000000	
0.0019581	1.0000000	0.0028781	1.0000000	1.0000000	1.0000000	0.0005066	0.0000004	1.0000000	1.0000000	1.0000000	1.0000000	1.0000000	1.0000000	1.0000000	0.0000000	
0.0019556	1.0000000	0.0028813	1.0000000	1.0000000	1.0000000	0.0005065	0.0000004	1.0000000	1.0000000	1.0000000	1.0000000	1.0000000	1.0000000	1.0000000	0.0000000	
0.0019545	1.0000000	0.0028824	1.0000000	1.0000000	1.0000000	0.0005063	0.0000004	1.0000000	1.0000000	1.0000000	1.0000000	1.0000000	1.0000000	1.0000000	0.0000000	
0.0019530	1.0000000	0.0028862	1.0000000	1.0000000	1.0000000	0.0005062	0.0000004	1.0000000	1.0000000	1.0000000	1.0000000	1.0000000	1.0000000	1.0000000	0.0000000	
0.0019524	1.0000000	0.0028879	1.0000000	1.0000000	1.0000000	0.0005060	0.0000004	1.0000000	1.0000000	1.0000000	1.0000000	1.0000000	1.0000000	1.0000000	0.0000000	
0.0019519	1.0000000	0.0028885	1.0000000	1.0000000	1.0000000	0.0005059	0.0000004	1.0000000	1.0000000	1.0000000	1.0000000	1.0000000	1.0000000	1.0000000	0.0000000	
0.0019517	1.0000000	0.0028886	1.0000000	1.0000000	1.0000000	0.0005058	0.0000003	1.0000000	1.0000000	1.0000000	1.0000000	1.0000000	1.0000000	1.0000000	0.0000000	
0.0019522	1.0000000	0.0028887	1.0000000	1.0000000	1.0000000	0.0005057	0.0000003	1.0000000	1.0000000	1.0000000	1.0000000	1.0000000	1.0000000	1.0000000	0.0000000	
0.0019520	1.0000000	0.0028875	1.0000000	1.0000000	1.0000000	0.0005055	0.0000003	1.0000000	1.0000000	1.0000000	1.0000000	1.0000000	1.0000000	1.0000000	0.0000000	
0.0019526	1.0000000	0.0028859	1.0000000	1.0000000	1.0000000	0.0005054	0.0000003	1.0000000	1.0000000	1.0000000	1.0000000	1.0000000	1.0000000	1.0000000	0.0000000	
0.0019520	1.0000000	0.0028837	1.0000000	1.0000000	1.0000000	0.0005053	0.0000003	1.0000000	1.0000000	1.0000000	1.0000000	1.0000000	1.0000000	1.0000000	0.0000000	
0.0019521	1.0000000	0.0028819	1.0000000	1.0000000	1.0000000	0.0005052	0.0000003	1.0000000	1.0000000	1.0000000	1.0000000	1.0000000	1.0000000	1.0000000	0.0000000	
0.0019523	1.0000000	0.0028787	1.0000000	1.0000000	1.0000000	0.0005051	0.0000003	1.0000000	1.0000000	1.0000000	1.0000000	1.0000000	1.0000000	1.0000000	0.0000000	
0.0019529	1.0000000	0.0028747	1.0000000	1.0000000	1.0000000	0.0005050	0.0000003	1.0000000	1.0000000	1.0000000	1.0000000	1.0000000	1.0000000	1.0000000	0.0000000	
0.0019533	1.0000000	0.0028708	1.0000000	1.0000000	1.0000000	0.0005049	0.0000003	1.0000000	1.0000000	1.0000000	1.0000000	1.0000000	1.0000000	1.0000000	0.0000000	
0.0019535	1.0000000	0.0028657	1.0000000	1.0000000	1.0000000	0.0005047	0.0000002	1.0000000	1.0000000	1.0000000	1.0000000	1.0000000	1.0000000	1.0000000	0.0000000	
0.0019546	1.0000000	0.0028629	1.0000000	1.0000000	1.0000000	0.0005046	0.0000002	1.0000000	1.0000000	1.0000000	1.0000000	1.0000000	1.0000000	1.0000000	0.0000000	
0.0019554	1.0000000	0.0028597	1.0000000	1.0000000	1.0000000	0.0005045	0.0000003	1.0000000	1.0000000	1.0000000	1.0000000	1.0000000	1.0000000	1.0000000	0.0000000	
0.0019572	1.0000000	0.0028554	1.0000000	1.0000000	1.0000000	0.0005044	0.0000002	1.0000000	1.0000000	1.0000000	1.0000000	1.0000000	1.0000000	1.0000000	0.0000000	
0.0019582	1.0000000	0.0028500	1.0000000	1.0000000	1.0000000	0.0005043	0.0000003	1.0000000	1.0000000	1.0000000	1.0000000	1.0000000	1.0000000	1.0000000	0.0000000	
0.0019600	1.0000000	0.0028440	1.0000000	1.0000000	1.0000000	0.0005042	0.0000002	1.0000000	1.0000000	1.0000000	1.0000000	1.0000000	1.0000000	1.0000000	0.0000000	
0.0019614	1.0000000	0.0028351	1.0000000	1.0000000	1.0000000	0.0005041	0.0000002	1.0000000	1.0000000	1.0000000	1.0000000	1.0000000	1.0000000	1.0000000	0.0000000	
0.0019627	1.0000000	0.0028277	1.0000000	1.0000000	1.0000000	0.0005041	0.0000003	1.0000000	1.0000000	1.0000000	1.0000000	1.0000000	1.0000000	1.0000000	0.0000000	
0.0019644	1.0000000	0.0028195	1.0000000	1.0000000	1.0000000	0.0005040	0.0000002	1.0000000	1.0000000	1.0000000	1.0000000	1.0000000	1.0000000	1.0000000	0.0000000	
0.0019658	1.0000000	0.0028102	1.0000000	1.0000000	1.0000000	0.0005039	0.0000002	1.0000000	1.0000000	1.0000000	1.0000000	1.0000000	1.0000000	1.0000000	0.0000000	
0.0019678	1.0000000	0.0028026	1.0000000	1.0000000	1.0000000	0.0005038	0.0000002	1.0000000	1.0000000	1.0000000	1.0000000	1.0000000	1.0000000	1.0000000	0.0000000	
0.0019691	1.0000000	0.0027939	1.0000000	1.0000000	1.0000000	0.0005037	0.0000003	1.0000000	1.0000000	1.0000000	1.0000000	1.0000000	1.0000000	1.0000000	0.0000000	
0.0019710	1.0000000	0.0027846	1.0000000	1.0000000	1.0000000	0.0005036	0.0000003	1.0000000	1.0000000	1.0000000	1.0000000	1.0000000	1.0000000	1.0000000	0.0000000	
0.0019728	1.0000000	0.0027749	1.0000000	1.0000000	1.0000000	0.0005035	0.0000003	1.0000000	1.0000000	1.0000000	1.0000000	1.0000000	1.0000000	1.0000000	0.0000000	
0.0019747	1.0000000	0.0027644	1.0000000	1.0000000	1.0000000	0.0005035	0.0000003	1.0000000	1.0000000	1.0000000	1.0000000	1.0000000	1.0000000	1.0000000	0.0000000	
0.0019766	1.0000000	0.0027536	1.0000000	1.0000000	1.0000000	0.0005034	0.0000003	1.0000000	1.0000000	1.0000000	1.0000000	1.0000000	1.0000000	1.0000000	0.0000000	
0.0019789	1.0000000	0.0027430	1.0000000	1.0000000	1.0000000	0.0005033	0.0000003	1.0000000	1.0000000	1.0000000	1.0000000	1.0000000	1.0000000	1.0000000	0.0000000	
0.0019814	1.0000000	0.0027329	1.0000000	1.0000000	1.0000000	0.0005032	0.0000003	1.0000000	1.0000000	1.0000000	1.0000000	1.0000000	1.0000000	1.0000000	0.0000000	
0.0019836	1.0000000	0.0027218	1.0000000	1.0000000	1.0000000	0.0005032	0.0000003	1.0000000	1.0000000	1.0000000	1.0000000	1.0000000	1.0000000	1.0000000	0.0000000	
0.0019864	1.0000000	0.0027113	1.0000000	1.0000000	1.0000000	0.0005031	0.0000003	1.0000000	1.0000000	1.0000000	1.0000000	1.0000000	1.0000000	1.0000000	0.0000000	
0.0019888	1.0000000	0.0026996	1.0000000	1.0000000	1.0000000	0.0005030	0.0000003	1.0000000	1.0000000	1.0000000	1.0000000	1.0000000	1.0000000	1.0000000	0.0000000	
0.0019916	1.0000000	0.0026884	1.0000000	1.0000000	1.0000000	0.0005030	0.0000004	1.0000000	1.0000000	1.0000000	1.0000000	1.0000000	1.0000000	1.0000000	0.0000000	
0.0019941	1.0000000	0.0026768	1.0000000	1.0000000	1.0000000	0.0005029	0.0000004	1.0000000	1.0000000	1.0000000	1.0000000	1.0000000	1.0000000	1.0000000	0.0000000	
0.0019965	1.0000000	0.0026654	1.0000000	1.0000000	1.0000000	0.0005029	0.0000004	1.0000000	1.0000000	1.0000000	1.0000000	1.0000000	1.0000000	1.0000000	0.0000000	
0.0019992	1.0000000	0.0026535	1.0000000	1.0000000	1.0000000	0.0005028	0.0000004	1.0000000	1.0000000	1.0000000	1.0000000	1.0000000	1.0000000	1.0000000	0.0000000	
0.0020015	1.0000000	0.0026412	1.0000000	1.0000000	1.0000000	0.0005027	0.0000005	1.0000000	1.0000000	1.0000000	1.0000000	1.0000000	1.0000000	1.0000000	0.0000000	
0.0020042	1.0000000	0.0026280	1.0000000	1.0000000	1.0000000	0.0005027	0.0000005	1.0000000	1.0000000	1.0000000	1.0000000	1.0000000	1.0000000	1.0000000	0.0000000	
0.0020066	1.0000000	0.0026150	1.0000000	1.0000000	1.0000000	0.0005026	0.0000005	1.0000000	1.0000000	1.0000000	1.0000000	1.0000000	1.0000000	1.0000000	0.0000000	
0.0020094	1.0000000	0.0026007	1.0000000	1.0000000	1.0000000	0.0005026	0.0000006	1.0000000	1.0000000	1.0000000	1.0000000	1.0000000	1.0000000	1.0000000	0.0000000	
0.0020122	1.0000000	0.0025865	1.0000000	1.0000000	1.0000000	0.0005025	0.0000006	1.0000000	1.0000000	1.0000000	1.0000000	1.0000000	1.0000000	1.0000000	0.0000000	
0.0020152	1.0000000	0.0025740	1.0000000	1.0000000	1.0000000	0.0005025	0.0000006	1.0000000	1.0000000	1.0000000	1.0000000	1.0000000	1.0000000	1.0000000	0.0000000	
0.0020179	1.0000000	0.0025612	1.0000000	1.0000000	1.0000000	0.0005025	0.0000007	1.0000000	1.0000000	1.0000000	1.0000000	1.0000000	1.0000000	1.0000000	0.0000000	
0.0020206	1.0000000	0.0025474	1.0000000	1.0000000	1.0000000	0.0005024	0.0000007	1.0000000	1.0000000	1.0000000	1.0000000	1.0000000	1.0000000	1.0000000	0.0000000	
0.0020235	1.0000000	0.0025322	1.0000000	1.0000000	1.0000000	0.0005024	0.0000008	1.0000000	1.0000000	1.0000000	1.0000000	1.0000000	1.0000000	1.0000000	0.0000000	
0.0020258	1.0000000	0.0025170	1.0000000	1.0000000	1.0000000	0.0005024	0.0000008	1.0000000	1.0000000	1.0000000	1.0000000	1.0000000	1.0000000	1.0000000	0.0000000	
0.0020287	1.0000000	0.0025032	1.0000000	1.0000000	1.0000000	0.0005023	0.0000009	1.0000000	1.0000000	1.0000000	1.0000000	1.0000000	1.0000000	1.0000000	0.0000000	
0.0020314	1.0000000	0.0024879	1.0000000	1.0000000	1.0000000	0.0005023	0.0000009	1.0000000	1.0000000	1.0000000	1.0000000	1.0000000	1.0000000	1.0000000	0.0000000	
0.0020349	1.0000000	0.0024703	1.0000000	1.0000000	1.0000000	0.0005023	0.0000010	1.0000000	1.0000000	1.0000000	1.0000000	1.0000000	1.0000000	1.0000000	0.0000000	
0.0020372	1.0000000	0.0024543	1.0000000	1.0000000	1.0000000	0.0005023	0.0000010	1.0000000	1.0000000	1.0000000	1.0000000	1.0000000	1.0000000	1.0000000	0.0000000	
0.0020400	1.0000000	0.0024386	1.0000000	1.0000000	1.0000000	0.0005023	0.0000011	1.0000000	1.0000000	1.0000000	1.0000000	1.0000000	1.0000000	1.0000000	0.0000000	
0.0020428	1.0000000	0.0024221	1.0000000	1.0000000	1.0000000	0.0005024	0.0000012	1.0000000	1.0000000	1.0000000	1.0000000	1.0000000	1.0000000	1.0000000	0.0000000	
0.0020460	1.0000000	0.0024057	1.0000000	1.0000000	1.0000000	0.0005024	0.0000012	1.0000000	1.0000000	1.0000000	1.0000000	1.0000000	1.0000000	1.0000000	0.0000000	
0.0020483	1.0000000	0.0023899	1.0000000	1.0000000	1.0000000	0.0005024	0.0000013	1.0000000	1.0000000	1.0000000	1.0000000	1.0000000	1.0000000	1.0000000	0.0000000	
0.0020510	1.0000000	0.0023727	1.0000000	1.0000000	1.0000000	0.0005025	0.0000014	1.0000000	1.0000000	1.0000000	1.0000000	1.0000000	1.0000000	1.0000000	0.0000000	
0.0020538	1.0000000	0.0023550	1.0000000	1.0000000	1.0000000	0.0005026	0.0000015	1.0000000	1.0000000	1.0000000	1.0000000	1.0000000	1.0000000	1.0000000	0.0000000	
0.0020563	1.0000000	0.0023381	1.0000000	1.0000000	1.0000000	0.0005028	0.0000016	1.0000000	1.0000000	1.0000000	1.0000000	1.0000000	1.0000000	1.0000000	0.0000000	
0.0020595	1.0000000	0.0023217	1.0000000	1.0000000	1.0000000	0.0005030	0.0000017	1.0000000	1.0000000	1.0000000	1.0000000	1.0000000	1.0000000	1.0000000	0.0000000	
0.0020618	1.0000000	0.0023054	1.0000000	1.0000000	1.0000000	0.0005032	0.0000018	1.0000000	1.0000000	1.0000000	1.0000000	1.0000000	1.0000000	1.0000000	0.0000000	
0.0020650	1.0000000	0.0022897	1.0000000	1.0000000	1.0000000	0.0005036	0.0000019	1.0000000	1.0000000	1.0000000	1.0000000	1.0000000	1.0000000	1.0000000	0.0000000	
0.0020671	1.0000000	0.0022718	1.0000000	1.0000000	1.0000000	0.0005041	0.0000020	1.0000000	1.0000000	1.0000000	1.0000000	1.0000000	1.0000000	1.0000000	0.0000000	
0.0020701	1.0000000	0.0022551	1.0000000	1.0000000	1.0000000	0.0005048	0.0000021	1.0000000	1.0000000	1.0000000	1.0000000	1.0000000	1.0000000	1.0000000	0.0000000	
0.0020732	1.0000000	0.0022367	1.0000000	1.0000000	1.0000000	0.0005057	0.0000022	1.0000000	1.0000000	1.0000000	1.0000000	1.0000000	1.0000000	1.0000000	0.0000000	
0.0020761	1.0000000	0.0022195	1.0000000	1.0000000	1.0000000	0.0005071	0.0000024	1.0000000	1.0000000	1.0000000	1.0000000	1.0000000	1.0000000	1.0000000	0.0000000	
0.0020809	1.0000000	0.0022037	1.0000000	1.0000000	1.0000000	0.0005092	0.0000026	1.0000000	1.0000000	1.0000000	1.0000000	1.0000000	1.0000000	1.0000000	0.0000000	
0.0020859	1.0000000	0.0021873	1.0000000	1.0000000	1.0000000	0.0005123	0.0000027	1.0000000	1.0000000	1.0000000	1.0000000	1.0000000	1.0000000	1.0000000	0.0000000	
0.0020931	1.0000000	0.0021742	1.0000000	1.0000000	1.0000000	0.0005174	0.0000028	1.0000000	1.0000000	1.0000000	1.0000000	1.0000000	1.0000000	1.0000000	0.0000000	
0.0021037	1.0000000	0.0021618	1.0000000	1.0000000	1.0000000	0.0005261	0.0000030	1.0000000	1.0000000	1.0000000	1.0000000	1.0000000	1.0000000	1.0000000	0.0000000	
0.0021210	1.0000000	0.0021596	1.0000000	1.0000000	1.0000000	0.0005417	0.0000031	1.0000000	1.0000000	1.0000000	1.0000000	1.0000000	1.0000000	1.0000000	0.0000000	
0.0021546	1.0000000	0.0021703	1.0000000	1.0000000	1.0000000	0.0005727	0.0000033	1.0000000	1.0000000	1.0000000	1.0000000	1.0000000	1.0000000	1.0000000	0.0000000	
0.0022249	1.0000000	0.0022154	1.0000000	1.0000000	1.0000000	0.0006406	0.0000034	1.0000000	1.0000000	1.0000000	1.0000000	1.0000000	1.0000000	1.0000000	0.0000000	
0.0023960	1.0000000	0.0023663	1.0000000	1.0000000	1.0000000	0.0008095	0.0000036	1.0000000	1.0000000	1.0000000	1.0000000	1.0000000	1.0000000	1.0000000	0.0000000	
0.0028585	1.0000000	0.0028076	1.0000000	1.0000000	1.0000000	0.0012686	0.0000038	1.0000000	1.0000000	1.0000000	1.0000000	1.0000000	1.0000000	1.0000000	0.0000000	
0.0038712	1.0000000	0.0037957	1.0000000	1.0000000	1.0000000	0.0022780	0.0000039	1.0000000	1.0000000	1.0000000	1.0000000	1.0000000	1.0000000	1.0000000	0.0000000	
0.0046405	1.0000000	0.0045553	1.0000000	1.0000000	1.0000000	0.0030383	0.0000041	1.0000000	1.0000000	1.0000000	1.0000000	1.0000000	1.0000000	1.0000000	0.0000000	
0.0021089	1.0000000	0.0020129	1.0000000	1.0000000	1.0000000	0.0005000	0.0000042	1.0000000	1.0000000	1.0000000	1.0000000	1.0000000	1.0000000	1.0000000	0.0000000	
0.0021147	1.0000000	0.0019914	1.0000000	1.0000000	1.0000000	0.0005000	0.0000043	1.0000000	1.0000000	1.0000000	1.0000000	1.0000000	1.0000000	1.0000000	0.0000000	
0.0021167	1.0000000	0.0019722	1.0000000	1.0000000	1.0000000	0.0005000	0.0000045	1.0000000	1.0000000	1.0000000	1.0000000	1.0000000	1.0000000	1.0000000	0.0000000	
0.0021193	1.0000000	0.0019537	1.0000000	1.0000000	1.0000000	0.0005000	0.0000046	1.0000000	1.0000000	1.0000000	1.0000000	1.0000000	1.0000000	1.0000000	0.0000000	
0.0021254	1.0000000	0.0019344	1.0000000	1.0000000	1.0000000	0.0005000	0.0000047	1.0000000	1.0000000	1.0000000	1.0000000	1.0000000	1.0000000	1.0000000	0.0000000	
0.0021280	1.0000000	0.0019177	1.0000000	1.0000000	1.0000000	0.0005000	0.0000049	1.0000000	1.0000000	1.0000000	1.0000000	1.0000000	1.0000000	1.0000000	0.0000000	
0.0021304	1.0000000	0.0018943	1.0000000	1.0000000	1.0000000	0.0005000	0.0000050	1.0000000	1.0000000	1.0000000	1.0000000	1.0000000	1.0000000	1.0000000	0.0000000	
0.0021347	1.0000000	0.0018754	1.0000000	1.0000000	1.0000000	0.0005000	0.0000051	1.0000000	1.0000000	1.0000000	1.0000000	1.0000000	1.0000000	1.0000000	0.0000000	
0.0021412	1.0000000	0.0018571	1.0000000	1.0000000	1.0000000	0.0005000	0.0000052	1.0000000	1.0000000	1.0000000	1.0000000	1.0000000	1.0000000	1.0000000	0.0000000	
0.0021454	1.0000000	0.0018389	1.0000000	1.0000000	1.0000000	0.0005000	0.0000054	1.0000000	1.0000000	1.0000000	1.0000000	1.0000000	1.0000000	1.0000000	0.0000000	
0.0021470	1.0000000	0.0018213	1.0000000	1.0000000	1.0000000	0.0005000	0.0000056	1.0000000	1.0000000	1.0000000	1.0000000	1.0000000	1.0000000	1.0000000	0.0000000	
0.0021517	1.0000000	0.0018020	1.0000000	1.0000000	1.0000000	0.0005000	0.0000057	1.0000000	1.0000000	1.0000000	1.0000000	1.0000000	1.0000000	1.0000000	0.0000000	
0.0021566	1.0000000	0.0017812	1.0000000	1.0000000	1.0000000	0.0005000	0.0000058	1.0000000	1.0000000	1.0000000	1.0000000	1.0000000	1.0000000	1.0000000	0.0000000	
0.0021621	1.0000000	0.0017621	1.0000000	1.0000000	1.0000000	0.0005000	0.0000059	1.0000000	1.0000000	1.0000000	1.0000000	1.0000000	1.0000000	1.0000000	0.0000000	
0.0021673	1.0000000	0.0017442	1.0000000	1.0000000	1.0000000	0.0005000	0.0000060	1.0000000	1.0000000	1.0000000	1.0000000	1.0000000	1.0000000	1.0000000	0.0000000	
0.0021743	1.0000000	0.0017233	1.0000000	1.0000000	1.0000000	0.0005000	0.0000060	1.0000000	1.0000000	1.0000000	1.0000000	1.0000000	1.0000000	1.0000000	0.0000000	
0.0021808	1.0000000	0.0017074	1.0000000	1.0000000	1.0000000	0.0005000	0.0000061	1.0000000	1.0000000	1.0000000	1.0000000	1.0000000	1.0000000	1.0000000	0.0000000	
0.0021862	1.0000000	0.0016887	1.0000000	1.0000000	1.0000000	0.0005000	0.0000062	1.0000000	1.0000000	1.0000000	1.0000000	1.0000000	1.0000000	1.0000000	0.0000000	
0.0021920	1.0000000	0.0016678	1.0000000	1.0000000	1.0000000	0.0005000	0.0000063	1.0000000	1.0000000	1.0000000	1.0000000	1.0000000	1.0000000	1.0000000	0.0000000	
0.0021977	1.0000000	0.0016520	1.0000000	1.0000000	1.0000000	0.0005000	0.0000064	1.0000000	1.0000000	1.0000000	1.0000000	1.0000000	1.0000000	1.0000000	0.0000000	
0.0022028	1.0000000	0.0016352	1.0000000	1.0000000	1.0000000	0.0005000	0.0000065	1.0000000	1.0000000	1.0000000	1.0000000	1.0000000	1.0000000	1.0000000	0.0000000	
0.0022092	1.0000000	0.0016166	1.0000000	1.0000000	1.0000000	0.0005000	0.0000066	1.0000000	1.0000000	1.0000000	1.0000000	1.0000000	1.0000000	1.0000000	0.0000000	
0.0022162	1.0000000	0.0015994	1.0000000	1.0000000	1.0000000	0.0005000	0.0000066	1.0000000	1.0000000	1.0000000	1.0000000	1.0000000	1.0000000	1.0000000	0.0000000	
0.0022219	1.0000000	0.0015821	1.0000000	1.0000000	1.0000000	0.0005000	0.0000067	1.0000000	1.0000000	1.0000000	1.0000000	1.0000000	1.0000000	1.0000000	0.0000000	
0.0022305	1.0000000	0.0015645	1.0000000	1.0000000	1.0000000	0.0005000	0.0000066	1.0000000	1.0000000	1.0000000	1.0000000	1.0000000	1.0000000	1.0000000	0.0000000	
0.0022377	1.0000000	0.0015469	1.0000000	1.0000000	1.0000000	0.0005000	0.0000064	1.0000000	1.0000000	1.0000000	1.0000000	1.0000000	1.0000000	1.0000000	0.0000000	
0.0022477	1.0000000	0.0015306	1.0000000	1.0000000	1.0000000	0.0005000	0.0000065	1.0000000	1.0000000	1.0000000	1.0000000	1.0000000	1.0000000	1.0000000	0.0000000	
0.0022571	1.0000000	0.0015131	1.0000000	1.0000000	1.0000000	0.0005000	0.0000064	1.0000000	1.0000000	1.0000000	1.0000000	1.0000000	1.0000000	1.0000000	0.0000000	
0.0022650	1.0000000	0.0014984	1.0000000	1.0000000	1.0000000	0.0005000	0.0000063	1.0000000	1.0000000	1.0000000	1.0000000	1.0000000	1.0000000	1.0000000	0.0000000	
0.0022746	1.0000000	0.0014839	1.0000000	1.0000000	1.0000000	0.0005000	0.0000061	1.0000000	1.0000000	1.0000000	1.0000000	1.0000000	1.0000000	1.0000000	0.0000000	
0.0022842	1.0000000	0.0014672	1.0000000	1.0000000	1.0000000	0.0005000	0.0000060	1.0000000	1.0000000	1.0000000	1.0000000	1.0000000	1.0000000	1.0000000	0.0000000	
0.0022957	1.0000000	0.0014513	1.0000000	1.0000000	1.0000000	0.0005000	0.0000057	1.0000000	1.0000000	1.0000000	1.0000000	1.0000000	1.0000000	1.0000000	0.0000000	
0.0023071	1.0000000	0.0014369	1.0000000	1.0000000	1.0000000	0.0005000	0.0000054	1.0000000	1.0000000	1.0000000	1.0000000	1.0000000	1.0000000	1.0000000	0.0000000	
0.0023180	1.0000000	0.0014228	1.0000000	1.0000000	1.0000000	0.0005000	0.0000052	1.0000000	1.0000000	1.0000000	1.0000000	1.0000000	1.0000000	1.0000000	0.0000000	
0.0023284	1.0000000	0.0014074	1.0000000	1.0000000	1.0000000	0.0005000	0.0000049	1.0000000	1.0000000	1.0000000	1.0000000	1.0000000	1.0000000	1.0000000	0.0000000	
0.0023379	1.0000000	0.0013937	1.0000000	1.0000000	1.0000000	0.0005000	0.0000047	1.0000000	1.0000000	1.0000000	1.0000000	1.0000000	1.0000000	1.0000000	0.0000000	
0.0023478	1.0000000	0.0013787	1.0000000	1.0000000	1.0000000	0.0005000	0.0000046	1.0000000	1.0000000	1.0000000	1.0000000	1.0000000	1.0000000	1.0000000	0.0000000	
0.0023558	1.0000000	0.0013650	1.0000000	1.0000000	1.0000000	0.0005000	0.0000043	1.0000000	1.0000000	1.0000000	1.0000000	1.0000000	1.0000000	1.0000000	0.0000000	
0.0023596	1.0000000	0.0013499	1.0000000	1.0000000	1.0000000	0.0005000	0.0000045	1.0000000	1.0000000	1.0000000	1.0000000	1.0000000	1.0000000	1.0000000	0.0000000	
0.0023646	1.0000000	0.0013351	1.0000000	1.0000000	1.0000000	0.0005000	0.0000046	1.0000000	1.0000000	1.0000000	1.0000000	1.0000000	1.0000000	1.0000000	0.0000000	
0.0023684	1.0000000	0.0013193	1.0000000	1.0000000	1.0000000	0.0005000	0.0000047	1.0000000	1.0000000	1.0000000	1.0000000	1.0000000	1.0000000	1.0000000	0.0000000	
0.0023718	1.0000000	0.0013032	1.0000000	1.0000000	1.0000000	0.0005000	0.0000049	1.0000000	1.0000000	1.0000000	1.0000000	1.0000000	1.0000000	1.0000000	0.0000000	
0.0023752	1.0000000	0.0012900	1.0000000	1.0000000	1.0000000	0.0005000	0.0000051	1.0000000	1.0000000	1.0000000	1.0000000	1.0000000	1.0000000	1.0000000	0.0000000	
0.0023798	1.0000000	0.0012776	1.0000000	1.0000000	1.0000000	0.0005000	0.0000054	1.0000000	1.0000000	1.0000000	1.0000000	1.0000000	1.0000000	1.0000000	0.0000000	
0.0023833	1.0000000	0.0012607	1.0000000	1.0000000	1.0000000	0.0005000	0.0000054	1.0000000	1.0000000	1.0000000	1.0000000	1.0000000	1.0000000	1.0000000	0.0000000	
0.0023889	1.0000000	0.0012469	1.0000000	1.0000000	1.0000000	0.0005000	0.0000054	1.0000000	1.0000000	1.0000000	1.0000000	1.0000000	1.0000000	1.0000000	0.0000000	
0.0023943	1.0000000	0.0012351	1.0000000	1.0000000	1.0000000	0.0005000	0.0000055	1.0000000	1.0000000	1.0000000	1.0000000	1.0000000	1.0000000	1.0000000	0.0000000	
0.0023939	1.0000000	0.0012225	1.0000000	1.0000000	1.0000000	0.0005000	0.0000061	1.0000000	1.0000000	1.0000000	1.0000000	1.0000000	1.0000000	1.0000000	0.0000000	
0.0023915	1.0000000	0.0012049	1.0000000	1.0000000	1.0000000	0.0005000	0.0000067	1.0000000	1.0000000	1.0000000	1.0000000	1.0000000	1.0000000	1.0000000	0.0000000	
0.0023994	1.0000000	0.0011907	1.0000000	1.0000000	1.0000000	0.0005000	0.0000065	1.0000000	1.0000000	1.0000000	1.0000000	1.0000000	1.0000000	1.0000000	0.0000000	
0.0024022	1.0000000	0.0011916	1.0000000	1.0000000	1.0000000	0.0005000	0.0000072	1.0000000	1.0000000	1.0000000	1.0000000	1.0000000	1.0000000	1.0000000	0.0000000	
0.0023936	1.0000000	0.0011850	1.0000000	1.0000000	1.0000000	0.0005000	0.0000082	1.0000000	1.0000000	1.0000000	1.0000000	1.0000000	1.0000000	1.0000000	0.0000000	
